DTUSAT                  
1 27842U 03031C   12042.49866977  .00000135  00000-0  82178-4 0  3280
2 27842  98.6962  53.2531 0008729 202.6133 157.4663 14.21238512447014
CUTE-1 (CO-55)          
1 27844U 03031E   12041.96708769  .00000190  00000-0  10809-3 0  3076
2 27844  98.7047  52.1905 0008995 228.4875 131.5528 14.20959495446828
QUAKESAT                
1 27845U 03031F   12042.07789676  .00000223  00000-0  12385-3 0  3333
2 27845  98.7150  52.0558 0008153 250.1814 109.8482 14.20670669446716
AAU CUBESAT             
1 27846U 03031G   12042.49913627  .00000159  00000-0  92976-4 0  2078
2 27846  98.6962  53.2421 0008565 202.1068 157.9737 14.21237833447018
CANX-1                  
1 27847U 03031H   12042.52321864  .00000132  00000-0  80822-4 0  2224
2 27847  98.6953  53.2426 0008514 202.3130 157.7660 14.21209029446962
CUBESAT XI-IV (CO-57)   
1 27848U 03031J   12042.58270446  .00000132  00000-0  81511-4 0  2563
2 27848  98.7140  52.0784 0008735 230.1000 129.9407 14.20719611446856
UWE-1                   
1 28892U 05043C   12042.67421185  .00000454  00000-0  10266-3 0  1470
2 28892  97.9346 273.2679 0016902 185.2476 174.8548 14.60455068335306
CUBESAT XI-V (CO-58)    
1 28895U 05043F   12041.65847526  .00000471  00000-0  10608-3 0   952
2 28895  97.9330 273.4070 0017584 189.0171 171.0719 14.60477141335046
NCUBE-2                 
1 28897U 05043H   12042.20519447  .00000529  00000-0  11747-3 0  6690
2 28897  97.9339 273.8264 0016226 186.8060 173.2917 14.60702767327433
CSTB1                   
1 31122U 07012F   12042.71916743  .00000566  00000-0  13192-3 0  4414
2 31122  97.8768  66.6621 0085693 129.7188 231.1605 14.56129403256196
MAST                    
1 31126U 07012K   12042.88398576  .00000300  00000-0  77156-4 0  3814
2 31126  97.8805  61.3544 0094603 143.7950 216.9692 14.54029866255918
LIBERTAD-1              
1 31128U 07012M   12041.73648637 -.00000045  00000-0  00000+0 0  4474
2 31128  97.8875  56.6677 0102557 159.7657 200.7652 14.52708506255471
POLYSAT CP3             
1 31129U 07012N   12042.02705143  .00000546  00000-0  13416-3 0   902
2 31129  97.8865  57.2861 0101559 158.0891 202.4728 14.52883485255514
CAPE1                   
1 31130U 07012P   12041.77896157  .00000441  00000-0  11056-3 0  3928
2 31130  97.8889  56.7872 0102140 159.3383 201.1975 14.52763634255271
POLYSAT CP4             
1 31132U 07012Q   12042.04000456  .00000384  00000-0  93072-4 0  4005
2 31132  97.8724  65.4079 0085477 131.8969 228.9546 14.55844509255955
NTS (CANX-6)            
1 32784U 08021B   12041.80644501  .00001048  00000-0  13814-3 0  2278
2 32784  97.8174 104.9662 0016736 113.8147 246.4815 14.82072270204827
CUTE-1.7+APD II (CO-65) 
1 32785U 08021C   12042.71982732  .00000461  00000-0  63521-4 0  2269
2 32785  97.8172 106.6926 0015701 112.7039 247.5832 14.82672904205021
COMPASS-1               
1 32787U 08021E   12041.67847936  .00001713  00000-0  21426-3 0  2191
2 32787  97.8175 105.7857 0016303 116.3605 243.9269 14.83495670204901
AAUSAT-II               
1 32788U 08021F   12041.80880906  .00001759  00000-0  21834-3 0  2116
2 32788  97.8200 106.2296 0016311 115.8624 244.4268 14.83773689204946
DELFI-C3 (DO-64)        
1 32789U 08021G   12041.83407216  .00002496  00000-0  29889-3 0  2262
2 32789  97.8295 107.8349 0015962 114.2642 246.0168 14.84913357204970
CANX-2                  
1 32790U 08021H   12042.20786601  .00001067  00000-0  13877-3 0  2201
2 32790  97.8132 105.9294 0016238 114.9846 245.3083 14.82587064204923
SEEDS II (CO-66)        
1 32791U 08021J   12041.82430920  .00001373  00000-0  17499-3 0  2135
2 32791  97.8175 105.7613 0016717 115.1363 245.1571 14.83003615204862
SWISSCUBE               
1 35932U 09051B   12042.28040773  .00005302  00000-0  12986-2 0  4046
2 35932  98.3311 145.8722 0008562 128.2232 231.9411 14.52852728126430
BEESAT                  
1 35933U 09051C   12042.71404132  .00007908  00000-0  19109-2 0  5733
2 35933  98.3300 146.6715 0005472 119.4439 240.6915 14.53352900126544
UWE-2                   
1 35934U 09051D   12042.29211705  .00003343  00000-0  81574-3 0  1628
2 35934  98.3295 145.9477 0007703 146.8718 213.2767 14.53282418126488
ITUPSAT 1               
1 35935U 09051E   12042.29630652  .00001956  00000-0  48744-3 0  8161
2 35935  98.3382 146.3988 0009517 132.2797 227.9113 14.52724571126420
TISAT 1                 
1 36799U 10035E   12042.79026060  .00001232  00000-0  16397-3 0  6895
2 36799  98.0747 118.1885 0014212 218.5852 141.4341 14.81502693 85778
DICE-F                  
1 37851U 11061B   12041.91369209  .00005700  00000-0  46444-3 0  1078
2 37851 101.7183  24.3194 0251996 353.2020   6.5789 14.78639954 15587
DICE-Y                  
1 37852U 11061C   12042.92389511  .00006240  00000-0  50581-3 0   952
2 37852 101.7186  25.8025 0251748 350.2811   9.3561 14.78778531 15720
RAX-2                   
1 37853U 11061D   12041.97377436  .00005715  00000-0  46520-3 0  1113
2 37853 101.7130  24.3595 0251215 353.1945   6.5864 14.78786154 15595
AUBIESAT-1              
1 37854U 11061E   12042.49892643  .00006704  00000-0  53703-3 0   966
2 37854 101.7152  25.2162 0252079 351.2505   8.4330 14.79082984 15657
M-CUBED & EXP-1 PRIME   
1 37855U 11061F   12042.90830721  .00006021  00000-0  48343-3 0   968
2 37855 101.7178  25.8039 0252678 350.1550   9.4761 14.78999588 15710
