ALSAT 1                 
1 27559U 02054A   12042.76955363  .00000298  00000-0  57601-4 0  3808
2 27559  97.8075 258.0413 0024282 138.2663 222.0399 14.69821997492116
NIGERIASAT 1            
1 27941U 03042C   12042.75931271  .00000616  00000-0  89671-4 0  4708
2 27941  97.8349 255.1026 0054009  97.1668 263.5699 14.78347612447672
UK-DMC                  
1 27942U 03042D   12042.79498241  .00000507  00000-0  78536-4 0  4659
2 27942  97.8252 259.1927 0064615 293.4820  65.9605 14.76123385447954
BILSAT 1                
1 27943U 03042E   12042.78584706  .00000144  00000-0  36522-4 0  2981
2 27943  97.8165 248.1503 0010467 315.3990  44.6371 14.63164950447294
BEIJING 1               
1 28890U 05043A   12042.75287768  .00000201  00000-0  50797-4 0  1850
2 28890  97.9197 273.3908 0015579 179.8963 180.2250 14.60288041335398
HJ-1A                   
1 33320U 08041A   12042.74446837  .00000413  00000-0  67192-4 0  7924
2 33320  97.8791 114.7970 0024082 198.3613 161.6733 14.75969411184850
HJ-1B                   
1 33321U 08041B   12042.77473753  .00000634  00000-0  98309-4 0  8497
2 33321  97.8822 115.0464 0041792 212.0422 147.8243 14.76012730184842
YAOGAN 4                
1 33446U 08061A   12042.78356259  .00000232  00000-0  42195-4 0  5515
2 33446  97.8049 110.7739 0018065 144.4829 215.7555 14.74462132172126
YAOGAN 5                
1 33456U 08064A   12042.82861568  .00007089  00000-0  21985-3 0  5507
2 33456  97.2707 116.0110 0009834 184.8754 285.0355 15.33668412176085
DEIMOS-1                
1 35681U 09041A   12042.73909695  .00000192  00000-0  40483-4 0  8190
2 35681  98.0476 303.6327 0001779 103.2695 256.8726 14.69663539136168
UK-DMC 2                
1 35683U 09041C   12042.78063370  .00000320  00000-0  61962-4 0  8400
2 35683  98.0492 302.7176 0001161 108.9298 251.2039 14.69651829136093
