GIOVE-A                 
1 28922U 05051A   12041.15434401  .00000011  00000-0  10000-3 0  9248
2 28922  56.2057 131.8895 0007132  10.2723 349.7790  1.69484568 37979
GIOVE-B                 
1 32781U 08020A   12041.04822345  .00000024  00000-0  10000-3 0  5599
2 32781  55.9168 166.2720 0020474 222.4315 137.4302  1.70960701 23676
GALILEO-PFM (GSAT0101)  
1 37846U 11060A   12042.47650688  .00000005  00000-0  00000+0 0   488
2 37846  54.7124 126.6172 0002617 284.3593  75.6607  1.70474524  1925
GALILEO-FM2 (GSAT0102)  
1 37847U 11060B   12042.41121668  .00000005  00000-0  10000-3 0   478
2 37847  54.7136 126.6169 0004092 268.5786  91.4230  1.70474871  1925
