LES 9                   
1 08747U 76023B   12041.24868389 -.00000070  00000-0  10000-3 0  7596
2 08747  12.1344 122.6905 0022187   1.4683 358.5439  1.00267652 77134
GOES 3                  
1 10953U 78062A   12041.87842634 -.00000114  00000-0  10000-3 0  7204
2 10953  14.5623 351.6317 0005102  40.2226 319.8481  1.00265476 76380
ESIAFI 1 (COMSTAR 4)    
1 12309U 81018A   12042.42002691 -.00000060  00000-0  10000-3 0  5274
2 12309  14.5609   1.5926 0005731 344.6766  15.3291  1.00274508114911
SATCOM C5               
1 13631U 82105A   12041.96234827 -.00000111  00000-0  10000-3 0  9751
2 13631  13.9536  21.9365 0006889 309.9901  49.9917  1.00272609 73838
GSTAR 1                 
1 15677U 85035A   12041.01470642 -.00000103  00000-0  10000-3 0  4870
2 15677  12.6178  39.6220 0010576 314.6632  45.3248  1.00272646 72686
GOES 7                  
1 17561U 87022A   12042.54100764  .00000092  00000-0  10000-3 0  3501
2 17561  13.7021  27.1532 0004887  54.3434  87.1971  1.00299508 74633
GSTAR 3                 
1 19483U 88081A   12040.93728142 -.00000110  00000-0  10000-3 0  7493
2 19483  15.3611  11.4229 0008692  18.6230 341.4397  1.00273124 82065
TDRS 3                  
1 19548U 88091B   12042.16710767 -.00000296  00000-0  10000-3 0  8033
2 19548  13.5036  29.6404 0013700 337.5840 144.8999  1.00276135 72865
INTELSAT 602 (IS-602)   
1 20315U 89087A   12042.61199025  .00000025  00000-0  10000-3 0  4261
2 20315   9.1028  54.0398 0001121 259.0877 226.1029  1.00274064 79445
LEASAT 5                
1 20410U 90002B   12041.74944552 -.00000074  00000-0  10000-3 0  6382
2 20410   9.8925  28.6404 0001864 342.1469 111.2598  1.00271333 66159
INTELSAT 603 (IS-603)   
1 20523U 90021A   12041.18962063  .00000068  00000-0  10000-3 0  9872
2 20523   8.6035  55.6006 0001243 295.3157 228.5053  1.00273920 73188
INSAT-1D                
1 20643U 90051A   12042.50839775 -.00000156  00000-0  10000-3 0  4265
2 20643  11.8395  44.6464 0014480  38.8988 321.2818  1.00266198 66216
COSMOS 2085             
1 20693U 90061A   12042.48543976 -.00000062  00000-0  10000-3 0  2605
2 20693  13.6935  25.8987 0003654   3.7711 356.2738  1.00270324 78968
SKYNET 4C               
1 20776U 90079A   12042.25954818 -.00000032  00000-0  10000-3 0  4016
2 20776  11.7160  37.1365 0003300 287.8872 267.8910  1.00271416 78407
INMARSAT 2-F1           
1 20918U 90093A   12041.72691708 -.00000356  00000-0  00000+0 0  8251
2 20918   8.6510  46.1302 0003379 276.8064 188.0188  1.00268925 74382
COSMOS 2133             
1 21111U 91010A   12042.47764982 -.00000141  00000-0  10000-3 0  4562
2 21111  12.9894  31.7193 0007834  19.8422 340.2403  1.00263708 76908
INMARSAT 2-F2           
1 21149U 91018A   12042.45591468  .00000100  00000-0  10000-3 0  9105
2 21149   7.9750  47.1487 0003276 296.7497 179.1600  1.00277535 76681
TDRS 5                  
1 21639U 91054B   12042.49665909  .00000094  00000-0  10000-3 0    74
2 21639  11.8952  43.9655 0016370 326.0029 142.1482  1.00270534 75185
INMARSAT 2-F4           
1 21940U 92021B   12041.48098626 -.00000348  00000-0  10000-3 0  6437
2 21940   6.5123  45.5163 0003610 305.7930  68.7578  1.00268710 72562
GORIZONT 27             
1 22245U 92082A   12041.19849037  .00000042  00000-0  10000-3 0  7443
2 22245  13.0684  34.2713 0012744 263.3652  96.5540  1.00209455 74640
COSMOS 2224             
1 22269U 92088A   12042.31588428 -.00000271  00000-0  10000-3 0  8451
2 22269  12.2782  37.0314 0001179  72.4722 287.6052  1.00287351 69636
TDRS 6                  
1 22314U 93003B   12042.54030770  .00000010  00000-0  00000+0 0   241
2 22314  11.2965  46.8187 0002968 285.6944 220.5994  1.01073413 69900
ASTRA 1C                
1 22653U 93031A   12041.82896019  .00000005  00000-0  10000-3 0  8364
2 22653   4.8769  65.6078 0004455 252.2049 122.9108  1.00274579 63779
INSAT-2B                
1 22724U 93048B   12042.33455157 -.00000257  00000-0  10000-3 0  3727
2 22724  10.0839  51.5285 0013632  69.1640 291.0797  0.99984436 68200
ACTS                    
1 22796U 93058B   12041.03297447 -.00000100  00000-0  10000-3 0    26
2 22796  11.4922  46.0750 0015874 348.4439  11.6075  1.00273781 74357
INTELSAT 701 (IS-701)   
1 22871U 93066A   12042.50591213 -.00000144  00000-0  10000-3 0  8509
2 22871   0.1993  80.0885 0002928 237.3787 162.6070  1.00271612 66926
SOLIDARIDAD 1           
1 22911U 93073A   12042.03680405 -.00000118  00000-0  10000-3 0  5263
2 22911  10.0562  51.4754 0002249  77.5395 282.5852  1.00267972 65377
NATO 4B                 
1 22921U 93076A   12042.71183522  .00000138  00000-0  10000-3 0  6453
2 22921   9.7685  43.0342 0003380 276.1464 112.7988  1.00272414 66619
INTELSAT 702 (IS-702)   
1 23124U 94034A   12041.74356325  .00000121  00000-0  00000-0 0  6761
2 23124   0.5491  79.9640 0003112 261.0625 114.3462  1.00273598 78839
APSTAR 1                
1 23185U 94043A   12042.46952715 -.00000274  00000-0  10000-3 0  9603
2 23185   6.6273  60.4005 0001359 244.5541 147.0317  1.00272084 64303
DIRECTV 2 (DBS 2)       
1 23192U 94047A   12041.50275692 -.00000082  00000-0  10000-3 0  8922
2 23192   4.7221  66.1797 0011084 229.1072 131.0014  0.98634086 73989
OPTUS B3                
1 23227U 94055A   12042.47378370 -.00000082  00000-0  10000-3 0  9217
2 23227   3.7521  68.1399 0004231 288.4793 118.8578  1.00272326 63924
NSS-703                 
1 23305U 94064A   12041.00000000 -.00000283  00000-0  00000+0 0  5803
2 23305   2.2220  73.1430 0003485 241.7790 137.5230  1.00272630 63631
SOLIDARIDAD 2           
1 23313U 94065A   12042.16109098 -.00000032  00000-0  10000-3 0  9810
2 23313   3.5431  68.7932 0004438 254.0794 120.7936  1.00270864 63516
EXPRESS 1               
1 23319U 94067A   12041.50612610 -.00000129  00000-0  10000-3 0   913
2 23319  10.2575  50.9462 0002068  90.4642 269.6622  0.99818358 63280
ASTRA 1D                
1 23331U 94070A   12040.88392793 -.00000245  00000-0  10000-3 0  3101
2 23331   3.9504  67.1841 0001668 230.8107 129.4026  1.00043677 63746
RADUGA 32               
1 23448U 94087A   12040.50861282 -.00000138  00000-0  10000-3 0  4697
2 23448  12.1945  41.2099 0004055 126.1119 234.0087  1.00265550 80382
BRASILSAT B2            
1 23536U 95016A   12041.52602924 -.00000276  00000-0  00000-0 0  5855
2 23536   3.5915  69.1605 0001983 270.0777 282.1234  1.00274330 61854
AMSC 1                  
1 23553U 95019A   12041.53574117 -.00000108  00000-0  10000-3 0  4824
2 23553   6.7640  60.4480 0003822 280.6864 248.4326  1.00272106 61661
INTELSAT 706 (IS-706)   
1 23571U 95023A   12042.82834757 -.00000064  00000-0  10000-3 0  4507
2 23571   0.4864  78.7810 0003471 248.0059 184.6829  1.00272572 61298
TDRS 7                  
1 23613U 95035B   12042.85092606 -.00000198  00000-0  10000-3 0  1548
2 23613  12.9119  37.2212 0033606 335.5058 159.8158  1.00273281 60719
COSMOS 2319             
1 23653U 95045A   12040.77064233 -.00000119  00000-0  10000-3 0  2945
2 23653  11.8597  43.1792 0004793  66.1631 293.9734  1.00271448 60239
TELSTAR 4 (TELSTAR 402R)
1 23670U 95049A   12042.08212213 -.00000050  00000-0  10000-3 0  2794
2 23670   7.5776  58.0620 0003924 283.5518  76.5375  1.00244699 60007
LUCH 1                  
1 23680U 95054A   12041.54829373 -.00000082  00000-0  10000-3 0  1011
2 23680  11.1204  50.8445 0008858 343.0465  17.0179  1.00267736 59854
ASTRA 1E                
1 23686U 95055A   12042.02462176  .00000026  00000-0  00000+0 0  4549
2 23686   1.5295  76.7883 0004702 233.0237 204.1872  1.00272777 59822
AMOS 5I                 
1 23723U 95064A   12042.55890931 -.00000368  00000-0  10000-3 0  7079
2 23723   1.1538  75.7341 0003436 248.5567 138.0387  1.00273804 59365
ECHOSTAR 1              
1 23754U 95073A   12041.38899963 -.00000246  00000-0  10000-3 0  6240
2 23754   0.0097 252.5284 0002481  65.7163 244.4931  1.00271862 58894
AFRICASAT-1 (MEASAT-1)  
1 23765U 96002B   12041.80790122  .00000126  00000-0  10000-3 0  3433
2 23765   3.9031  67.7088 0000630 177.3243 232.0907  1.00273094 58881
ABS-1A                  
1 23768U 96003A   12041.59119840 -.00000092  00000-0  10000-3 0  5069
2 23768   4.6502  65.7982 0001145 339.2015  22.6873  1.00272424 58863
PAKSAT 1 (ANATOLIA 1)   
1 23779U 96006A   12041.38114222 -.00000272  00000-0  00000-0 0  7259
2 23779   0.2365  83.3029 0004561 358.1620 158.6794  0.99596290 58633
INTELSAT 707 (IS-707)   
1 23816U 96015A   12042.45951264 -.00000291  00000-0  10000-3 0  3481
2 23816   0.0191  53.4614 0003296 278.8146 281.0593  1.00270842 58298
INMARSAT 3-F1           
1 23839U 96020A   12040.61407478  .00000007  00000-0  10000-3 0  1731
2 23839   0.0593 348.7974 0005269 328.2041 107.6652  1.00274415 58079
ASTRA 1F                
1 23842U 96021A   12041.68517775  .00000081  00000-0  00000+0 0  4859
2 23842   0.0533 290.8351 0002951  34.9005 115.9541  1.00272482 57990
MSAT M1                 
1 23846U 96022A   12041.51353456 -.00000086  00000-0  10000-3 0  1577
2 23846   4.1544  66.9424 0005525 243.9639 267.4453  1.00272687 57902
PALAPA C2               
1 23864U 96030A   12041.55065521 -.00000202  00000-0  10000-3 0  4239
2 23864   1.6845  74.3062 0001843 240.1568 174.2671  1.00270182 57633
INTELSAT 24 (IS-24)     
1 23865U 96030B   12042.71401546  .00000146  00000-0  10000-3 0  6261
2 23865   3.2132  70.5537 0003041 240.1387 118.5781  1.00277990 57634
INTELSAT 709 (IS-709)   
1 23915U 96035A   12041.72095434 -.00000064  00000-0  10000-3 0  4838
2 23915   0.0268 156.1720 0002239 145.9251 169.7189  1.00272713 57379
APSTAR 1A               
1 23943U 96039A   12042.08343417  .00000097  00000-0  10000-3 0  7928
2 23943   5.9667  62.0826 0001172 275.2821 244.7010  1.00276756 57181
TELECOM 2D              
1 24209U 96044B   12042.15159373 -.00000072  00000-0  10000-3 0  3553
2 24209   5.1892  64.1944 0004185 279.2662 203.9532  1.00272704 56934
INMARSAT 3-F2           
1 24307U 96053A   12041.08561690 -.00000127  00000-0  10000-3 0   909
2 24307   0.1260  41.5338 0006030 267.4041 205.9618  1.00272264 56493
ECHOSTAR 2              
1 24313U 96055A   12041.06893161 -.00000169  00000-0  10000-3 0  4143
2 24313   3.1834  69.6023 0004155 299.9699  60.2609  1.00347917 56521
AMC-1 (GE-1)            
1 24315U 96054A   12042.43041336 -.00000108  00000-0  10000-3 0  7501
2 24315   0.0505 272.4305 0003307  42.1852 238.2125  1.00272424 56494
ARABSAT-2B              
1 24652U 96063A   12041.10826552  .00000152  00000-0  00000+0 0  5218
2 24652   0.2454  81.0677 0002466 250.4643 241.4654  1.00274542 56313
AFRICASAT-2 (MEASAT-2)  
1 24653U 96063B   12041.92152161 -.00000225  00000-0  10000-3 0  5786
2 24653   3.8615  67.7238 0003468 251.0669 301.3568  1.00270197 55887
EUTELSAT W48            
1 24665U 96067A   12042.78517015  .00000116  00000-0  10000-3 0  4418
2 24665   2.5863  71.5976 0004977 248.6006 151.9007  1.00270435 56159
INMARSAT 3-F3           
1 24674U 96070A   12042.55990300  .00000033  00000-0  10000-3 0  1201
2 24674   0.1415  50.5674 0005988 272.7513 197.3341  1.00271644 55463
AMC-2 (GE-2)            
1 24713U 97002A   12040.17382148  .00000031  00000-0  10000-3 0  2942
2 24713   0.3573  77.6062 0002468 238.1650 250.4759  1.00274532  5854
INTELSAT 26 (IS-26)     
1 24732U 97007A   12040.10455552  .00000108  00000-0  10000-3 0  1260
2 24732   3.8142  67.8972 0004205 265.0480 253.5788  1.00274898 54762
INTELSAT 801 (IS-801)   
1 24742U 97009A   12041.90628438 -.00000220  00000-0  10000-3 0   701
2 24742   3.0422  70.4432 0002666 277.6342  89.0487  1.00271199 54794
DFH 3-2                 
1 24798U 97021A   12041.47048712 -.00000360  00000-0  10000-3 0   186
2 24798   7.3116  58.9306 0011177 335.8036  24.2865  1.00343098 54044
THOR II                 
1 24808U 97025A   12041.73577744  .00000130  00000-0  10000-3 0   705
2 24808   3.3762  69.1859 0000630 242.2857 116.9370  1.00275394 53952
GALAXY 25 (G-25)        
1 24812U 97026A   12042.19047762 -.00000168  00000-0  10000-3 0  3989
2 24812   0.0102 139.3995 0003051 188.5962 148.1223  1.00272148 53924
INMARSAT 3-F4           
1 24819U 97027A   12041.32067333 -.00000290  00000-0  10000-3 0  9822
2 24819   1.9437  71.7903 0005094 238.0092 251.3995  1.00268470 53874
SUPERBIRD-C             
1 24880U 97036A   12041.72742869 -.00000135  00000-0  10000-3 0  1862
2 24880   2.9261  70.4855 0004431 247.0256 242.5555  1.00272026 53197
ABS-5                   
1 24901U 97042A   12041.85897176 -.00000032  00000-0  10000-3 0  5375
2 24901   0.9491  79.2271 0004811 239.7809 127.4642  1.00272599 53022
INTELSAT 5 (IS-5)       
1 24916U 97046A   12042.36213087 -.00000036  00000-0  10000-3 0  2691
2 24916   0.0282 244.8510 0002853  60.7843 134.5466  1.00272909 53092
METEOSAT-7              
1 24932U 97049B   12042.12331207  .00000058  00000-0  00000+0 0  9630
2 24932   7.4294  57.8792 0000794 289.7534 254.8184  1.00268271 52909
AMC-3 (GE-3)            
1 24936U 97050A   12041.45047286 -.00000266  00000-0  00000+0 0  2301
2 24936   0.0703 272.3217 0001818  64.4909 249.3648  1.00464635 52899
NSS-5                   
1 24957U 97053A   12041.00000000 -.00000159  00000-0  00000+0 0  2795
2 24957   0.0420  81.8320 0002417 244.1880 153.4790  1.00269155 52687
ECHOSTAR 3              
1 25004U 97059A   12039.28397713 -.00000285  00000-0  10000-3 0  1808
2 25004   0.0218 351.3451 0001811 344.1581 203.0622  1.00270183 52579
APSTAR 2R (TELSTAR 10)  
1 25010U 97062A   12041.76408833 -.00000107  00000-0  10000-3 0  6494
2 25010   0.0510 263.9720 0004732  64.7404 163.0768  1.00272218 52456
INDOSTAR 1              
1 25050U 97071B   12041.92459323 -.00000349  00000-0  10000-3 0  6179
2 25050   5.8272  62.4710 0004101 274.6132 243.7938  1.00272063 52216
JCSAT-1B                
1 25067U 97075A   12041.72150936 -.00000206  00000-0  10000-3 0  5134
2 25067   1.7052  74.2143 0004955 248.3461 227.3722  1.00272367 52010
ASTRA 1G                
1 25071U 97076A   12041.00000000  .00000150  00000-0  00000+0 0   998
2 25071   0.0190 340.1590 0001708  43.8460 146.9760  1.00261625 52014
HGS-1 (ASIASAT 3)       
1 25126U 97086A   12040.96440081 -.00000265  00000-0  10000-3 0  5988
2 25126   3.8887  85.5390 0046990 257.2378 102.4053  1.00308012 52595
BRASILSAT B3            
1 25152U 98006A   12042.15480185 -.00000255  00000-0  10000-3 0  5622
2 25152   0.0754 113.7840 0003776 162.1165 205.4399  1.00270768 51427
INMARSAT 3-F5           
1 25153U 98006B   12041.95684619  .00000135  00000-0  10000-3 0  9752
2 25153   0.4166 357.8956 0003947 319.2519 192.4527  1.00273730 51381
EUROBIRD 16             
1 25237U 98013A   12042.03813156  .00000097  00000-0  10000-3 0  3529
2 25237   0.3417  81.1744 0005216 233.1095 215.7315  1.00271776 51425
NSS-806                 
1 25239U 98014A   12041.00000000 -.00000265  00000-0  00000+0 0  8421
2 25239   0.0070 300.5690 0002974  29.9160 128.5060  1.00272927 51178
NILESAT 101             
1 25311U 98024A   12041.08494824 -.00000062  00000-0  00000+0 0  1138
2 25311   0.0302  57.0306 0005641 269.6123 196.5133  1.00272266 50778
COSMOS 2350             
1 25315U 98025A   12041.53713399 -.00000125  00000-0  10000-3 0  6752
2 25315   9.5137  50.8961 0007225   2.3323 357.7761  1.00285038 50504
CHINASAT 5A (ZX 5A)     
1 25354U 98033A   12042.48781190 -.00000213  00000-0  10000-3 0  3635
2 25354   0.0604 256.1105 0002643  68.6334  79.3347  1.00271689 54754
THOR III                
1 25358U 98035A   12042.02718642 -.00000043  00000-0  00000+0 0  8803
2 25358   1.6430  74.4091 0002253 248.5386 183.0071  1.00270912 50177
INTELSAT 805 (IS-805)   
1 25371U 98037A   12039.37109439 -.00000288  00000-0  10000-3 0  8370
2 25371   0.0063  12.5096 0002712 331.8836 231.5470  1.00270307 49999
CHINASAT 5B (ZX 5B)     
1 25404U 98044A   12042.58574837 -.00000358  00000-0  10000-3 0  8525
2 25404   0.4084  77.0235 0004069 247.0714 138.1504  1.00274682 49882
ST-1                    
1 25460U 98049A   12041.74990219 -.00000217  00000-0  10000-3 0  1656
2 25460   0.4651  78.4941 0004211 236.9639 182.8761  1.00270556 49332
ASTRA 2A                
1 25462U 98050A   12042.06912421  .00000144  00000-0  00000+0 0  3649
2 25462   0.0550 102.6555 0002883 278.4004 172.5106  1.00271991 49321
INTELSAT 7 (IS-7)       
1 25473U 98052A   12041.62530528 -.00000031  00000-0  10000-3 0  3234
2 25473   0.0065  96.5597 0002322 196.2140 141.0962  1.00273282 49109
SIRIUS 3                
1 25492U 98056B   12042.08342654  .00000101  00000-0  10000-3 0    66
2 25492   2.7475  71.1563 0001492 255.6996 254.9150  1.00273704 48990
EUROBIRD 2              
1 25495U 98057A   12041.90517787  .00000138  00000-0  10000-3 0  1972
2 25495   0.0637 342.1214 0004462 309.4319 200.1906  1.00273764 48904
AFRISTAR                
1 25515U 98063A   12041.95906199  .00000122  00000-0  10000-3 0  9865
2 25515   0.0396 305.5757 0004386  11.7773 189.3110  1.00272251 48686
AMC-5 (GE-5)            
1 25516U 98063B   12042.40627175 -.00000232  00000-0  10000-3 0  9471
2 25516   1.4798  75.5013 0005150 234.2411 256.4712  1.00270484 48723
INTELSAT 8 (IS-8)       
1 25522U 98065A   12040.67263689 -.00000060  00000-0  10000-3 0  1182
2 25522   0.0466 262.0204 0003187  49.2606 236.0171  1.00272916 48668
BONUM 1                 
1 25546U 98068A   12041.80085591  .00000073  00000-0  10000-3 0   666
2 25546   0.3506  82.8448 0002187 214.1542 187.5491  1.00272342 48502
SATMEX 5                
1 25558U 98070A   12042.52871991 -.00000019  00000-0  10000-3 0  9490
2 25558   0.0158  97.6888 0002536 224.2315 252.6020  1.00272877 48500
GALAXY 26 (G-26)        
1 25626U 99005A   12042.05932271  .00000110  00000-0  10000-3 0  9516
2 25626   0.0072 174.5697 0002649 146.2178 251.0696  1.00271738 47594
JCSAT-4A                
1 25630U 99006A   12040.15430205 -.00000360  00000-0  10000-3 0  9801
2 25630   0.0639 269.9411 0002701  54.8173 353.4173  1.00271429 47436
SKYNET 4E               
1 25639U 99009B   12042.71365435  .00000140  00000-0  00000+0 0  1070
2 25639   7.4150  45.2802 0003310 277.0332 108.6996  1.00274808 47501
ASIASAT 3S              
1 25657U 99013A   12041.57145447 -.00000339  00000-0  10000-3 0  1444
2 25657   0.0379 219.0039 0002262 105.8302 126.4318  1.00271280 47277
EUTELSAT W6             
1 25673U 99018A   12041.95906199  .00000125  00000-0  10000-3 0  3374
2 25673   0.0625   0.4383 0004825 313.5190 193.3017  1.00274083 47041
NIMIQ 1                 
1 25740U 99027A   12042.11376381 -.00000179  00000-0  10000-3 0   111
2 25740   0.0299 261.4350 0005635  73.5310 115.4344  1.00271344 46665
ASTRA 1H                
1 25785U 99033A   12041.00000000  .00000115  00000-0  00000+0 0   312
2 25785   0.0720  94.2120 0001949 356.4020  68.1020  1.00265492 46375
TELKOM 1                
1 25880U 99042A   12041.57152307 -.00000349  00000-0  10000-3 0  2696
2 25880   0.0337 240.0175 0002280  92.0629 121.7367  1.00271892 45845
ABS-7                   
1 25894U 99046A   12041.57172889 -.00000367  00000-0  10000-3 0   218
2 25894   0.0477 255.0509 0000696  50.1757 156.5262  1.00270311 44617
GALAXY 27 (G-27)        
1 25922U 99052A   12042.63019635  .00000130  00000-0  10000-3 0  9805
2 25922   0.0226  47.2327 0006287 278.5796  87.1863  1.00272301 45350
ABS-1                   
1 25924U 99053A   12042.78317288 -.00000093  00000-0  10000-3 0   449
2 25924   0.0573 255.7605 0001130  73.9849 168.4054  1.00272147 45375
DIRECTV 1R              
1 25937U 99056A   12042.29839838 -.00000171  00000-0  10000-3 0  1721
2 25937   0.1835  81.9432 0002926 259.5021 177.6920  1.00124180 45227
TELSTAR 12 (ORION 2)    
1 25949U 99059A   12042.25934690 -.00000125  00000-0  10000-3 0  1173
2 25949   0.0049 200.3539 0002911 107.2284 271.4918  1.00271651 45096
AMC-4 (GE-4)            
1 25954U 99060A   12041.37940543 -.00000277  00000-0  10000-3 0  1793
2 25954   0.0591 274.5016 0001852  56.6466 238.2679  1.00270837 44931
GALAXY 11 (G-11)        
1 26038U 99071A   12041.39807066 -.00000290  00000-0  10000-3 0  2610
2 26038   0.0546 277.1368 0001281 145.8639 164.5941  1.00270305 44554
ZHONGXING-22            
1 26058U 00003A   12041.70405980 -.00000296  00000-0  10000-3 0  9032
2 26058   3.3964  68.6149 0002410 284.7238 138.2041  1.00272551 44171
HISPASAT 1C             
1 26071U 00007A   12042.02490347 -.00000222  00000-0  00000+0 0  6961
2 26071   0.0327  10.6516 0005093 340.0809 128.6987  1.00270189 44108
GARUDA 1                
1 26089U 00011A   12041.56573696 -.00000362  00000-0  10000-3 0  9167
2 26089   1.2972 237.9913 0002675 144.1566  84.5515  1.00269746 43975
SUPERBIRD-B2            
1 26095U 00012A   12042.49835022 -.00000099  00000-0  10000-3 0  2320
2 26095   0.0429 254.9209 0002028  60.3865 167.0353  1.00271909 43944
EXPRESS 2A              
1 26098U 00013A   12042.56762134 -.00000328  00000-0  10000-3 0  6256
2 26098   5.5083  63.5033 0008989  68.8318 315.8044  1.00273385 43658
ASIASTAR                
1 26107U 00016A   12041.92189920 -.00000337  00000-0  10000-3 0  1351
2 26107   0.0329 315.9631 0004496   9.2810 251.9873  1.00267979 43602
SESAT 1                 
1 26243U 00019A   12041.95957102  .00000099  00000-0  10000-3 0  9591
2 26243   0.0607 329.8717 0003887 340.3675 191.6346  1.00273121 43287
EUTELSAT W4             
1 26369U 00028A   12042.08308351  .00000150  00000-0  10000-3 0   152
2 26369   0.0695 357.5550 0004235 323.2149 245.7624  1.00273998 42933
TDRS 8                  
1 26388U 00034A   12041.57104282 -.00000227  00000-0  10000-3 0  5847
2 26388   3.6571  79.2660 0003750 227.1207 128.3990  1.00274477 42636
COSMOS 2371             
1 26394U 00036A   12041.56810152 -.00000049  00000-0  10000-3 0   752
2 26394   8.8314  54.5922 0004704 339.0437  21.0559  1.00271867 42494
ECHOSTAR 6              
1 26402U 00038A   12042.49758323 -.00000248  00000-0  10000-3 0  1996
2 26402   0.1872  80.7336 0002647 244.3373 278.0329  1.00270324 42417
INTELSAT 9 (IS-9)       
1 26451U 00043A   12041.51723547 -.00000290  00000-0  10000-3 0  7159
2 26451   0.0188 196.9731 0002315 147.5508 283.6557  1.00271448 42294
BRASILSAT B4            
1 26469U 00046A   12042.43739131 -.00000216  00000-0  00000+0 0   199
2 26469   0.0518 187.8081 0002307 135.8136 250.6588  1.00268451 42091
NILESAT 102             
1 26470U 00046B   12041.08823762 -.00000062  00000-0  00000+0 0  6145
2 26470   0.0233 277.2037 0005835  19.3071 227.8409  1.00272433 42087
RADUGA-1 5              
1 26477U 00049A   12042.85251699 -.00000226  00000-0  10000-3 0  2980
2 26477   8.7057  55.1270 0003526 324.7006 155.4075  1.00334804 41952
EUROBIRD 4A             
1 26487U 00052A   12040.81078605  .00000022  00000-0  10000-3 0  7565
2 26487   0.4386  72.0404 0006689 247.8564 115.2603  1.00273098 41892
ASTRA 2B                
1 26494U 00054A   12041.00000000  .00000145  00000-0  00000+0 0   183
2 26494   0.0190  10.6620 0004082 314.1330 202.9120  1.00265563 41785
AMC-7 (GE-7)            
1 26495U 00054B   12040.33057993  .00000093  00000-0  10000-3 0  9166
2 26495   0.0534 275.6759 0003122  36.1398 168.9997  1.00272870 41796
NSS-11 (AAP-1)          
1 26554U 00059A   12042.63986962 -.00000351  00000-0  10000-3 0   922
2 26554   0.0546 276.2502 0001794  62.5968 140.7826  1.00271030 41669
N-SAT-110 (SUPERBIRD-D) 
1 26559U 00060A   12042.58574830 -.00000357  00000-0  10000-3 0   308
2 26559   0.0373 259.9587 0000457 354.5814 207.4398  1.00271697 41598
AMC-6 (GE-6)            
1 26580U 00067A   12040.36692581 -.00000263  00000-0  10000-3 0  9515
2 26580   0.0522 274.7861 0002791  36.7542 247.3844  1.00270022 41420
INTELSAT 12 (IS-12)     
1 26590U 00068A   12042.63019747  .00000130  00000-0  10000-3 0  7640
2 26590   0.0082  86.9101 0002047 238.6857  87.3432  1.00273641 41377
INTELSAT 1R (IS-1R)     
1 26608U 00072A   12041.39825179 -.00000287  00000-0  10000-3 0  4484
2 26608   0.0201 228.8976 0000525 350.9168  13.4169  1.00270565 41200
ANIK F1                 
1 26624U 00076A   12041.59951294 -.00000079  00000-0  10000-3 0  7556
2 26624   0.0157 168.7697 0002944 170.8456 268.9584  1.00271580 41189
ASTRA 2D                
1 26638U 00081A   12041.00000000  .00000145  00000-0  00000+0 0  9968
2 26638   0.0410 185.3620 0003026  28.8640 313.4570  1.00264088 40899
AMC-8 (GE-8)            
1 26639U 00081B   12040.63543789  .00000100  00000-0  10000-3 0  9082
2 26639   0.0603 285.2567 0002654  33.9825 269.6112  1.00272923 40859
TURKSAT 2A              
1 26666U 01002A   12041.80956956  .00000141  00000-0  10000-3 0  9018
2 26666   0.0460 271.8498 0005120  34.1738 167.6671  1.00272099 40616
SICRAL 1                
1 26694U 01005A   12039.71783219  .00000100  00000-0  00000+0 0  9682
2 26694   3.6553  68.0599 0003644 276.9815  67.8157  1.00272828 40348
SKYNET 4F               
1 26695U 01005B   12041.89351378 -.00000245  00000-0  10000-3 0  6225
2 26695   5.8175  52.4325 0003133 256.6998 118.8181  1.00268835 40344
EUROBIRD 1              
1 26719U 01011A   12042.15769846  .00000145  00000-0  10000-3 0   785
2 26719   0.0654 340.9087 0004230 337.2312 267.7265  1.00274446 40044
XM-2 (ROCK)             
1 26724U 01012A   12041.64945877 -.00000028  00000-0  10000-3 0  1574
2 26724   0.0749 290.6502 0003880  20.1590 307.8448  1.00272039 40005
XM-1 (ROLL)             
1 26761U 01018A   12042.46982512 -.00000029  00000-0  10000-3 0  9703
2 26761   0.0765 252.7155 0004015 338.3643 323.7166  1.00271094 39485
INTELSAT 10 (IS-10)     
1 26766U 01019A   12040.93236955 -.00000029  00000-0  10000-3 0  9375
2 26766   0.0160 140.2876 0000799  89.3976 313.8709  1.00273419 39371
INTELSAT 901 (IS-901)   
1 26824U 01024A   12042.20078738 -.00000147  00000-0  10000-3 0  8472
2 26824   0.0075  81.2012 0002856 237.2082 236.5285  1.00271340 39130
ASTRA 2C                
1 26853U 01025A   12041.00000000  .00000114  00000-0  00000+0 0  8961
2 26853   0.0370 338.7060 0004465   5.4940 174.4790  1.00260026 39061
ARTEMIS                 
1 26863U 01029A   12041.75948181  .00000117  00000-0  10000-3 0  2477
2 26863   9.6556  56.0854 0003599 296.0195  82.9409  1.00275813 39869
GOES 12                 
1 26871U 01031A   12042.41848108 -.00000290  00000-0  10000-3 0  4511
2 26871   1.9737  74.4046 0002376 299.6655 217.4967  1.00281270 38725
INTELSAT 902 (IS-902)   
1 26900U 01039A   12042.83082676  .00000026  00000-0  00000+0 0  8546
2 26900   0.0267  96.7870 0003201 234.5916 170.9932  1.00272691 38311
ATLANTIC BIRD 2         
1 26927U 01042A   12041.18565773 -.00000071  00000-0  10000-3 0  6432
2 26927   0.0584 336.7716 0005019 342.9691 238.6654  1.00271662 38030
DIRECTV 4S              
1 26985U 01052A   12042.24574691 -.00000119  00000-0  10000-3 0  7900
2 26985   0.0265 226.0226 0001417  62.0619 199.9311  1.00271998 37451
INSAT-3C                
1 27298U 02002A   12039.70954214 -.00000081  00000-0  10000-3 0  4033
2 27298   0.0829 258.1532 0004008 331.1972 238.3649  1.00272049 36800
ECHOSTAR 7              
1 27378U 02006A   12042.36350260 -.00000006  00000-0  10000-3 0  9484
2 27378   0.0441 281.5769 0001721  78.0800 153.2013  1.00271620 36520
INTELSAT 904 (IS-904)   
1 27380U 02007A   12042.12316416  .00000043  00000-0  10000-3 0  9049
2 27380   0.0176  23.7770 0003148 303.2350 277.8962  1.00272973 36555
TDRS 9                  
1 27389U 02011A   12040.30106973 -.00000264  00000-0  00000+0 0  8350
2 27389   1.5121 145.6278 0015150 227.4373 192.9514  1.00277784 37887
JCSAT-2A                
1 27399U 02015A   12041.57278847 -.00000170  00000-0  10000-3 0  7445
2 27399   0.0141 152.0527 0002081 175.4688 172.7261  1.00271711 36218
ASTRA 3A                
1 27400U 02015B   12041.08655451  .00000132  00000-0  00000+0 0  4645
2 27400   0.0464 277.4877 0004872   2.5473 274.1602  1.00270980 36214
INTELSAT 903 (IS-903)   
1 27403U 02016A   12041.07258490 -.00000243  00000-0  10000-3 0  6326
2 27403   0.0110  79.7829 0003573 256.6910 154.6837  1.00270604 36204
NSS-7                   
1 27414U 02019A   12041.00000000 -.00000173  00000-0  00000+0 0  8482
2 27414   0.0090 260.8200 0002795  58.8100 157.8540  1.00267788 36033
DIRECTV 5 (TEMPO 1)     
1 27426U 02023A   12039.16754619 -.00000059  00000-0  10000-3 0  8697
2 27426   0.0319 110.1129 0003399 205.4455 132.3150  1.00272769 35760
INTELSAT 905 (IS-905)   
1 27438U 02027A   12040.08929019 -.00000188  00000-0  10000-3 0  4582
2 27438   0.0166 233.8165 0002608  90.0325 182.3692  1.00272153 35518
EXPRESS 4A              
1 27441U 02029A   12041.78965646 -.00000117  00000-0  10000-3 0  9321
2 27441   2.2637  72.8027 0003259 289.1831  48.5495  1.00271958 35429
GALAXY 3C (G-3C)        
1 27445U 02030A   12042.45855167 -.00000157  00000-0  10000-3 0  5249
2 27445   0.0098 218.1829 0000365   0.9306 351.8485  1.00272720 35412
ATLANTIC BIRD 3         
1 27460U 02035A   12041.57305642 -.00000047  00000-0  10000-3 0  6419
2 27460   0.0458  15.8754 0004987 308.1916  17.2817  1.00273990 35199
N-STAR C                
1 27461U 02035B   12042.43882089 -.00000313  00000-0  10000-3 0  3818
2 27461   0.6656  81.4981 0002159 242.2482 111.0877  1.00268442 35210
HOT BIRD 6              
1 27499U 02038A   12041.84744200  .00000081  00000-0  10000-3 0  9994
2 27499   0.0842 271.7251 0005483  27.6675 158.9740  1.00271433 34715
ECHOSTAR 8              
1 27501U 02039A   12041.38899963 -.00000246  00000-0  10000-3 0  9551
2 27501   0.0080  47.2274 0002927 278.9486 236.6446  1.00270531 34721
ATLANTIC BIRD 1         
1 27508U 02040A   12042.19590773 -.00000106  00000-0  10000-3 0  7426
2 27508   0.0751  19.6058 0000921  25.6163 153.4531  1.00272492 34715
METEOSAT-8 (MSG-1)      
1 27509U 02040B   12040.17065324  .00000061  00000-0  00000+0 0  8506
2 27509   1.0901  56.9847 0006113 337.2623 175.3999  1.00276864 34691
INTELSAT 906 (IS-906)   
1 27513U 02041A   12042.63237811  .00000008  00000-0  00000+0 0  6483
2 27513   0.0111  45.3995 0003049 280.9046 106.5733  1.00272355 34594
KODAMA (DRTS)           
1 27516U 02042B   12042.56732405 -.00000242  00000-0  10000-3 0  7924
2 27516   1.1298  76.7777 0003183 268.3492  90.8592  1.00272395 34553
KALPANA-1 (METSAT 1)    
1 27525U 02043A   12042.60256161 -.00000084  00000-0  10000-3 0  4077
2 27525   2.5785  71.7367 0006478 214.1349 146.0536  1.00272565 34516
HISPASAT 1D             
1 27528U 02044A   12040.23412425 -.00000220  00000-0  00000+0 0  4926
2 27528   0.0488 288.6628 0005419  24.7230 239.6077  1.00270999 34427
EUTELSAT W5             
1 27554U 02051A   12042.82834757 -.00000050  00000-0  10000-3 0  6092
2 27554   0.0415 319.1274 0004299  10.1005 180.7479  1.00273128 33841
TDRS 10                 
1 27566U 02055A   12041.50763730  .00000081  00000-0  00000+0 0  5889
2 27566   1.2556  62.8437 0013293 201.5181 244.0784  1.00276465 33717
NSS-6                   
1 27603U 02057A   12041.00000000 -.00000274  00000-0  00000+0 0  4561
2 27603   0.0330 247.6630 0002542  77.4410 269.3850  1.00273405 33562
NIMIQ 2                 
1 27632U 02062A   12042.43070302 -.00000179  00000-0  10000-3 0  3703
2 27632   0.0468 246.5892 0003972  54.5187 263.6969  1.00270907 33437
INTELSAT 907 (IS-907)   
1 27683U 03007A   12042.09434046 -.00000208  00000-0  10000-3 0  2061
2 27683   0.0153  19.6631 0003341 301.9325 185.4133  1.00271403 32948
INSAT-3A                
1 27714U 03013A   12042.76766352 -.00000263  00000-0  10000-3 0  9669
2 27714   0.0664 257.6535 0006629  49.8736 203.4977  1.00269834 32428
GALAXY 12 (G-12)        
1 27715U 03013B   12041.59014660  .00000054  00000-0  10000-3 0  5199
2 27715   0.0602 234.5469 0002474 105.4263 243.5193  1.00271758 32455
ASIASAT 4               
1 27718U 03014A   12040.72522931 -.00000364  00000-0  10000-3 0  9720
2 27718   0.0117 162.0691 0001015 170.7135 189.5585  1.00266312 32380
COSMOS 2397             
1 27775U 03015A   12042.35431259 -.00000148  00000-0  10000-3 0  4227
2 27775   5.6490  61.2547 0042753 232.6159 127.1641  1.00451991 32296
HELLAS-SAT 2            
1 27811U 03020A   12040.87155942  .00000148  00000-0  00000+0 0  4124
2 27811   0.0508 262.3364 0004363  54.0320 175.7199  1.00271775 31935
BEIDOU 1C               
1 27813U 03021A   12042.62693370 -.00000359  00000-0  10000-3 0  4977
2 27813   1.2511  81.6082 0008326 348.9331  46.7370  1.00273874 31977
AMC-9 (GE-12)           
1 27820U 03024A   12041.36288653 -.00000220  00000-0  10000-3 0  4812
2 27820   0.0069 237.5961 0003028  83.8217 226.0269  1.00270736 31817
THURAYA-2               
1 27825U 03026A   12042.62688672  .00000128  00000-0  10000-3 0  1659
2 27825   3.1047  10.8941 0004597 306.7884  93.0951  1.00272600 31824
BSAT-2C                 
1 27830U 03028A   12042.59983766 -.00000356  00000-0  10000-3 0  4641
2 27830   0.1054 252.5529 0002825  26.5141 187.7610  1.00268941 31799
OPTUS C1                
1 27831U 03028B   12041.57284184 -.00000152  00000-0  10000-3 0  5529
2 27831   0.0548 252.7959 0002958  58.2217 191.2378  1.00271170 31776
ECHOSTAR 12 (RAINBOW 1) 
1 27852U 03033A   12038.09587405 -.00000284  00000-0  10000-3 0  4719
2 27852   0.0513 269.2156 0001274  60.3359 140.2416  1.00272793 31403
GALAXY 23 (G-23)        
1 27854U 03034A   12040.40814698  .00000009  00000-0  00000+0 0  4615
2 27854   0.0156  55.2059 0003050 254.3416 215.2721  1.00272763 31203
EUROBIRD 3              
1 27948U 03043A   12041.01312065  .00000151  00000-0  10000-3 0  6006
2 27948   0.0510 334.1501 0000568 162.3241  40.8018  1.00272165 30775
INSAT-3E                
1 27951U 03043E   12039.91360546  .00000081  00000-0  10000-3 0   492
2 27951   0.0716 260.7816 0005052  68.6830 192.8797  1.00273121 30668
GALAXY 13 (HORIZONS-1)  
1 27954U 03044A   12041.59830095  .00000043  00000-0  10000-3 0  3406
2 27954   0.0117 106.4970 0000268 256.9251 225.0081  1.00271797 30691
ZHONGXING-20            
1 28082U 03052A   12042.58817008 -.00000297  00000-0  10000-3 0  5399
2 28082   0.1075  75.1065 0005289 283.7238  91.9823  1.00270142 30244
YAMAL 202               
1 28089U 03053A   12041.74952571  .00000115  00000-0  10000-3 0  4194
2 28089   0.0397 269.3838 0002734  48.7855 140.8169  1.00271800 30157
YAMAL 201               
1 28094U 03053B   12042.88388494 -.00000235  00000-0  10000-3 0  8618
2 28094   0.0498 269.9002 0001616  20.2170 259.3824  1.00270275 32338
AMOS 2                  
1 28132U 03059A   12040.16538206 -.00000037  00000-0  10000-3 0  1943
2 28132   0.0719  68.8950 0003501 235.7036 249.6182  1.00274241 29820
EXPRESS-AM 22           
1 28134U 03060A   12041.99397669  .00000092  00000-0  10000-3 0  5578
2 28134   0.0542 272.9805 0001462  77.7119 200.5845  1.00273738 29768
AMC-10 (GE-10)          
1 28154U 04003A   12041.53487208  .00000083  00000-0  10000-3 0  5207
2 28154   0.0098 306.5389 0002802   2.7832 248.2208  1.00272881 29384
MBSAT                   
1 28184U 04007A   12042.53235517 -.00000257  00000-0  10000-3 0  3492
2 28184   0.0085  21.2558 0001881 278.6112 176.8102  1.00270352 29080
EUTELSAT W3A            
1 28187U 04008A   12042.12931447  .00000042  00000-0  10000-3 0  3037
2 28187   0.0675 339.1044 0004166 340.0931 234.9314  1.00271313 29035
DIRECTV 7S              
1 28238U 04016A   12042.20318215 -.00000004  00000-0  10000-3 0  4461
2 28238   0.0036  72.3523 0002786 249.8251 132.5460  1.00272307 28542
AMC-11 (GE-11)          
1 28252U 04017A   12041.38368076  .00000064  00000-0  10000-3 0  2144
2 28252   0.0517 268.6027 0002955  47.4571 190.9058  1.00272618 28328
INTELSAT 10-02          
1 28358U 04022A   12041.59065112 -.00000016  00000-0  10000-3 0  2356
2 28358   0.0182 122.4237 0000989 206.1460  23.1451  1.00272561 28072
APSTAR 5 (TELSTAR 18)   
1 28364U 04024A   12042.54091730 -.00000300  00000-0  10000-3 0  2756
2 28364   0.0487 272.8198 0002680  21.5909 179.3033  1.00271612 28076
ANIK F2                 
1 28378U 04027A   12038.47229450 -.00000052  00000-0  10000-3 0   889
2 28378   0.0244  24.5321 0000312 282.1123 249.2809  1.00271987 27774
AMAZONAS                
1 28393U 04031A   12038.05240797 -.00000284  00000-0  10000-3 0  9406
2 28393   0.0228  30.4440 0004364 313.3577 110.6563  1.00270925 27546
AMC-15                  
1 28446U 04041A   12041.40914247 -.00000093  00000-0  10000-3 0  4321
2 28446   0.0124 273.2480 0002486  32.8514 236.0223  1.00272659 26853
FENGYUN 2C              
1 28451U 04042A   12042.86638082 -.00000365  00000-0  10000-3 0  3386
2 28451   3.6913  67.4493 0001448 313.3087 196.1117  1.00271525 26770
EXPRESS-AM 1            
1 28463U 04043A   12042.01942416  .00000144  00000-0  10000-3 0  2367
2 28463   1.5417  74.3095 0002575 263.0083 210.1537  1.00274145 26676
AMC-16                  
1 28472U 04048A   12040.08922654 -.00000209  00000-0  10000-3 0  4184
2 28472   0.0284 267.5000 0002495  52.3463 125.8280  1.00270633 26255
NSS-10 (AMC-12)         
1 28526U 05003A   12039.35816167 -.00000253  00000-0  10000-3 0  9156
2 28526   0.0544 270.1510 0002820  34.5634 284.6594  1.00270380 25748
XTAR-EUR                
1 28542U 05005A   12038.01083551  .00000150  00000-0  10000-3 0  9392
2 28542   0.0103 325.4530 0002619 327.4238 236.5539  1.00274012 25597
HIMAWARI-6 (MTSAT-1R)   
1 28622U 05006A   12038.58384596 -.00000283  00000-0  10000-3 0  6156
2 28622   0.0234 266.8940 0000550  68.1437 152.2633  1.00271112 25436
XM-3 (RHYTHM)           
1 28626U 05008A   12042.43084786 -.00000211  00000-0  10000-3 0  1100
2 28626   0.0057   5.2832 0000329 257.9454 307.6411  1.00270393 25529
INMARSAT 4-F1           
1 28628U 05009A   12042.56872667 -.00000264  00000-0  10000-3 0  2222
2 28628   2.4862 342.5481 0003075 333.0605 173.6289  1.00269978 25142
EXPRESS-AM 2            
1 28629U 05010A   12041.57082176 -.00000141  00000-0  10000-3 0  9190
2 28629   0.0545 274.1953 0002419  78.9057  72.4241  1.00272248 25166
APSTAR 6                
1 28638U 05012A   12042.68942933 -.00000324  00000-0  10000-3 0  2197
2 28638   0.0190  25.4466 0002507 295.1127 202.7916  1.00270899 49889
SPACEWAY 1              
1 28644U 05015A   12041.07182519 -.00000107  00000-0  10000-3 0  2958
2 28644   0.0214 239.4888 0000405 358.2122 184.7857  1.00271896 24962
DIRECTV 8               
1 28659U 05019A   12041.63164072 -.00000120  00000-0  10000-3 0  3826
2 28659   0.0160   1.3167 0002465 319.1327 306.1715  1.00271698 24632
GALAXY 28 (G-28)        
1 28702U 05022A   12041.43237542 -.00000190  00000-0  10000-3 0  2219
2 28702   0.0319  79.6696 0001390  86.8099  40.0544  1.00271415 24341
EXPRESS-AM 3            
1 28707U 05023A   12041.57239208 -.00000286  00000-0  10000-3 0  6749
2 28707   0.0311 168.2934 0003542 174.9615 142.7861  1.00269814 24311
THAICOM 4               
1 28786U 05028A   12041.74127282 -.00000367  00000-0  10000-3 0  9741
2 28786   0.0234 163.0974 0003063 172.8112 190.6431  1.00269618 23851
GALAXY 14 (G-14)        
1 28790U 05030A   12041.50250020  .00000032  00000-0  10000-3 0  2628
2 28790   0.0175 275.8815 0002882  38.3656 241.6263  1.00274122 23769
ANIK F1R                
1 28868U 05036A   12039.52907122 -.00000077  00000-0  10000-3 0  9437
2 28868   0.0159  48.6121 0001405 279.7963 252.7565  1.00271269 23582
GALAXY 15 (G-15)        
1 28884U 05041A   12041.41037491  .00000074  00000-0  10000-3 0  2883
2 28884   0.0105  52.0250 0002569 261.1456 201.4382  1.00272885 23197
SYRACUSE 3A             
1 28885U 05041B   12041.08709574  .00000125  00000-0  10000-3 0  1139
2 28885   0.0174 107.5315 0002654 221.1071 249.2501  1.00272701 23286
INMARSAT 4-F2           
1 28899U 05044A   12040.26374084  .00000136  00000-0  10000-3 0   838
2 28899   2.2123 337.7923 0004098 340.0028 300.9705  1.00275103 22951
TELKOM 2                
1 28902U 05046A   12042.78111649 -.00000369  00000-0  10000-3 0   974
2 28902   0.0429 179.2046 0001722 131.7561 229.4664  1.00271585 22874
SPACEWAY 2              
1 28903U 05046B   12042.24198949 -.00000132  00000-0  10000-3 0  1670
2 28903   0.0063 190.8924 0000180 116.4847 181.3125  1.00271559 22955
INSAT-4A                
1 28911U 05049A   12039.61653485 -.00000167  00000-0  10000-3 0  9889
2 28911   0.0463  91.4526 0008739 234.7793 116.7562  1.00269299 22522
METEOSAT-9 (MSG-2)      
1 28912U 05049B   12041.82996759 -.00000003  00000-0  00000+0 0   267
2 28912   0.3670   0.8501 0000908  46.4357  32.3372  1.00282063 22567
AMC-23                  
1 28924U 05052A   12042.37661642 -.00000012  00000-0  10000-3 0  1227
2 28924   0.0277 264.1351 0002727  50.5894 133.6886  1.00273103 22448
ECHOSTAR 10             
1 28935U 06003A   12040.31492975 -.00000059  00000-0  10000-3 0  3211
2 28935   0.0297 275.4986 0001508  33.8803 192.5814  1.00273141 21953
MTSAT-2                 
1 28937U 06004A   12042.58131993 -.00000248  00000-0  10000-3 0  1066
2 28937   0.0166 183.2932 0002087 157.5775 154.5074  1.00270812 21950
SPAINSAT                
1 28945U 06007A   12041.43536370 -.00000221  00000-0  00000+0 0  7599
2 28945   0.0534 258.7795 0004193  26.2708 341.5831  1.00271405 21702
EUROBIRD 9A             
1 28946U 06007B   12042.07484523  .00000056  00000-0  10000-3 0  8134
2 28946   0.0331  72.1288 0004647 238.2739 226.0621  1.00272899 21764
JCSAT-5A                
1 29045U 06010A   12041.21592288 -.00000333  00000-0  10000-3 0  8973
2 29045   0.0189 267.5910 0001245  95.4455 346.3919  1.00269562 21395
ASTRA 1KR               
1 29055U 06012A   12041.00000000  .00000114  00000-0  00000+0 0  4842
2 29055   0.0800 253.1200 0003722  20.6480 244.8960  1.00261245 21319
GOES 13                 
1 29155U 06018A   12042.45228934 -.00000256  00000-0  10000-3 0  9474
2 29155   0.4242  80.6914 0002222 315.9066 192.5182  1.00268078 20970
SATMEX 6                
1 29162U 06020A   12041.44321278 -.00000042  00000-0  10000-3 0  8593
2 29162   0.0583 274.8161 0002043  50.0553 221.5954  1.00270314 20923
THAICOM 5               
1 29163U 06020B   12041.80746858 -.00000125  00000-0  10000-3 0  1493
2 29163   0.0591 270.8350 0003269  23.9042 214.6684  1.00269811 20992
GALAXY 16 (G-16)        
1 29236U 06023A   12041.48451513 -.00000132  00000-0  10000-3 0  1333
2 29236   0.0009 352.2623 0003067 334.8386 248.2622  1.00271451 20714
HOT BIRD 8              
1 29270U 06032A   12037.10165112  .00000086  00000-0  10000-3 0  7492
2 29270   0.0661  14.0093 0003430 310.4064 220.8121  1.00273701 20278
JCSAT-3A                
1 29272U 06033A   12040.57583269 -.00000349  00000-0  10000-3 0  9560
2 29272   0.0523 269.2240 0002259  61.0428 144.0816  1.00269942 20209
SYRACUSE 3B             
1 29273U 06033B   12041.56871682 -.00000049  00000-0  10000-3 0  8645
2 29273   0.0249  92.5922 0003226 239.7180   7.2434  1.00272641 20197
KOREASAT 5 (MUGUNGWHA 5)
1 29349U 06034A   12041.23180949 -.00000363  00000-0  10000-3 0  9878
2 29349   0.0235  98.1907 0002078 236.0384   1.9408  1.00268974 20085
ZHONGXING-22A           
1 29398U 06038A   12042.56763660 -.00000329  00000-0  10000-3 0  6138
2 29398   1.9626  73.2264 0004777 296.0592  79.3462  1.00270830 19900
DIRECTV 9S              
1 29494U 06043A   12042.31005183 -.00000119  00000-0  00000+0 0   421
2 29494   0.0067 182.1058 0002645 133.0916 196.0507  1.00271283 19561
OPTUS D1                
1 29495U 06043B   12041.62625256 -.00000116  00000-0  10000-3 0  9199
2 29495   0.0071 211.8977 0002742  94.9793 218.6654  1.00271875 19597
XM-4 (BLUES)            
1 29520U 06049A   12041.64945877 -.00000028  00000-0  10000-3 0  8359
2 29520   0.0089 216.2272 0000147 197.1176 205.3167  1.00271191 19458
BADR-4                  
1 29526U 06051A   12041.95684619  .00000139  00000-0  10000-3 0  8853
2 29526   0.0511 313.9988 0005892   2.0310 194.8217  1.00269871 19347
FENGYUN 2D              
1 29640U 06053A   12040.87600037 -.00000203  00000-0  10000-3 0  3504
2 29640   2.0700  76.8169 0001684 294.5116 170.0471  1.00270383 19000
WILDBLUE-1              
1 29643U 06054A   12038.47229442 -.00000051  00000-0  10000-3 0  7367
2 29643   0.0168 164.1891 0001918 140.0861 251.5518  1.00271915 18967
AMC-18                  
1 29644U 06054B   12042.47052233 -.00000095  00000-0  10000-3 0   355
2 29644   0.0300 272.2882 0003149  45.9539 247.1255  1.00272287 19019
MEASAT-3                
1 29648U 06056A   12039.58980851 -.00000245  00000-0  10000-3 0  8181
2 29648   0.0124 194.4648 0001143 117.3829 130.0734  1.00272126 19003
KIKU-8 (ETS-VIII)       
1 29656U 06059A   12041.49646002 -.00000242  00000-0  10000-3 0  8988
2 29656   1.6899  74.4173 0005820 257.2094 132.8022  1.00270063 18919
INSAT-4B                
1 30793U 07007A   12041.64733409 -.00000263  00000-0  10000-3 0  6713
2 30793   0.0926 259.0139 0002387 155.7333  51.9162  1.00270925 18039
SKYNET 5A               
1 30794U 07007B   12040.80932734  .00000037  00000-0  99999-4 0  8303
2 30794   0.0701 352.2833 0003155 314.0657 130.2811  1.00272123 18192
ANIK F3                 
1 31102U 07009A   12042.20318262 -.00000007  00000-0  10000-3 0  8964
2 31102   0.0090  92.5615 0002541 224.6931 137.8391  1.00271854 17799
ASTRA 1L                
1 31306U 07016A   12041.00000000  .00000114  00000-0  00000+0 0  4535
2 31306   0.0800 276.7990 0004372  28.4010 213.4640  1.00261313 17526
GALAXY 17 (G-17)        
1 31307U 07016B   12041.43785644 -.00000179  00000-0  10000-3 0  8347
2 31307   0.0223  57.6577 0002926 263.5660 245.3123  1.00271957 17524
EUTELSAT 3A             
1 31577U 07021A   12042.02462176  .00000016  00000-0  00000+0 0  3529
2 31577   0.0160 133.7640 0003819 187.2957 191.5428  1.00271616 17233
ZHONGXING-6B            
1 31800U 07031A   12041.92253691 -.00000367  00000-0  10000-3 0  3252
2 31800   0.0046  35.9576 0002939 287.0512 264.9826  1.00267936 16926
DIRECTV 10              
1 31862U 07032A   12039.05528447 -.00000105  00000-0  10000-3 0  8510
2 31862   0.0612 263.1947 0000246  49.6674 101.7730  1.00270205 16835
SPACEWAY 3              
1 32018U 07036A   12041.33288602 -.00000156  00000-0  10000-3 0  7850
2 32018   0.0013 199.1712 0000287  24.2089 301.3004  1.00270996 16576
BSAT-3A                 
1 32019U 07036B   12040.79268502 -.00000354  00000-0  10000-3 0  6968
2 32019   0.0532 222.6384 0000537 278.5620  33.2864  1.00271388 16507
INSAT-4CR               
1 32050U 07037A   12039.70954258 -.00000081  00000-0  10000-3 0  6689
2 32050   0.0800  91.9761 0004316 294.2220  81.4695  1.00272169 16286
OPTUS D2                
1 32252U 07044A   12041.19250757 -.00000188  00000-0  10000-3 0  8905
2 32252   0.0103 216.5894 0003021 103.9502  40.4251  1.00270829 15989
INTELSAT 11 (IS-11)     
1 32253U 07044B   12041.14110157 -.00000273  00000-0  10000-3 0  6521
2 32253   0.0264 249.2472 0003104  78.2387 179.9001  1.00270278 15978
STAR ONE C1             
1 32293U 07056A   12042.34027507 -.00000282  00000-0  10000-3 0  6909
2 32293   0.0226  98.2945 0002306 244.4728 215.5220  1.00272019 15612
SKYNET 5B               
1 32294U 07056B   12042.08345704  .00000094  00000-0  10000-3 0  8174
2 32294   0.0673 349.6593 0003957 335.6983 257.9341  1.00272966 15693
SIRIUS 4                
1 32299U 07057A   12039.85665873  .00000029  00000-0  10000-3 0  7002
2 32299   0.0309 263.2164 0003329  62.4673 125.8595  1.00273295 15525
RADUGA-1M 1             
1 32373U 07058A   12042.82834757 -.00000045  00000-0  10000-3 0  2101
2 32373   0.0361 243.1728 0002159  75.3709 190.9284  1.00272659 16197
HORIZONS-2              
1 32388U 07063B   12041.56412392 -.00000187  00000-0  10000-3 0  7067
2 32388   0.0163  38.9299 0002234 251.4435 137.5901  1.00270882 15337
THURAYA-3               
1 32404U 08001A   12041.26667274 -.00000303  00000-0  10000-3 0  7618
2 32404   4.9315 337.8225 0005202 328.6126  27.9015  1.00268790 14972
EXPRESS-AM 33           
1 32478U 08003A   12040.79124662 -.00000284  00000-0  10000-3 0  1518
2 32478   0.0545 269.1814 0002049 153.4620  97.9513  1.00270445 15088
THOR 5                  
1 32487U 08006A   12041.59528041 -.00000014  00000-0  10000-3 0  7178
2 32487   0.0397 245.7364 0002692  81.6515  26.2057  1.00271871 14634
KIZUNA (WINDS)          
1 32500U 08007A   12042.60671721 -.00000265  00000-0  10000-3 0  6506
2 32500   0.0792 269.1840 0003338  45.5721 187.6924  1.00269826 14580
AMC-14                  
1 32708U 08011A   12041.81129003  .00000154  00000-0  10000-3 0  8917
2 32708  15.2378  97.0452 0046806 353.8458  15.9201  1.00271703 15628
DIRECTV 11              
1 32729U 08013A   12042.24198808 -.00000131  00000-0  10000-3 0  7970
2 32729   0.0045 220.9573 0000152  93.9752 173.6350  1.00271271 14398
ICO G1                  
1 32763U 08016A   12041.80209498 -.00000173  00000-0  00000-0 0  7769
2 32763   4.7265 336.4506 0003321 335.5391  24.1598  1.00270712 14040
VINASAT-1               
1 32767U 08018A   12041.67645063 -.00000334  00000-0  10000-3 0  7024
2 32767   0.0417 269.7086 0001280  63.6042 182.2824  1.00270197 14064
STAR ONE C2             
1 32768U 08018B   12040.07865711 -.00000268  00000-0  10000-3 0  6713
2 32768   0.0451  80.1576 0002561 248.4204 128.2847  1.00269822 14088
TIANLIAN I (CTDRS-1)    
1 32779U 08019A   12040.68817140 -.00000110  00000-0  10000-3 0  1335
2 32779   0.0752 268.9439 0002860 291.8781 263.0184  1.00270698 13918
AMOS 3                  
1 32794U 08022A   12037.83705963 -.00000036  00000-0  00000+0 0  5008
2 32794   0.0504 260.4033 0001367  60.8663 112.3992  1.00272672 13862
GALAXY 18 (G-18)        
1 32951U 08024A   12042.25916470  .00000020  00000-0  10000-3 0  5876
2 32951   0.0230 131.1948 0003020 198.5349 141.2658  1.00271998 13679
CHINASAT 9 (ZX 9)       
1 33051U 08028A   12042.56736216 -.00000253  00000-0  10000-3 0  1150
2 33051   0.0123 109.7553 0007036 224.5249 103.1912  1.00271512 13497
SKYNET 5C               
1 33055U 08030A   12041.56452973 -.00000145  00000-0  10000-3 0  5616
2 33055   0.0703 339.6996 0002630 323.7218  21.9914  1.00270842 13475
TURKSAT 3A              
1 33056U 08030B   12042.13237681  .00000141  00000-0  10000-3 0  5758
2 33056   0.0036 160.7204 0003766 176.1733 253.3413  1.00271992 13532
COSMOS 2440             
1 33108U 08033A   12042.64231679 -.00000142  00000-0  10000-3 0  9718
2 33108   1.0285  45.7356 0000856 209.1708 197.2315  1.00274640 13274
INTELSAT 25 (IS-25)     
1 33153U 08034A   12040.38290609 -.00000228  00000-0  10000-3 0  6404
2 33153   0.0356 278.5953 0002504  51.0364 275.5744  1.00270449 13184
BADR-6                  
1 33154U 08034B   12042.08284720  .00000139  00000-0  10000-3 0  5770
2 33154   0.0558  19.8798 0004826 327.5713 208.9031  1.00269915 13220
ECHOSTAR 11             
1 33207U 08035A   12040.48575804 -.00000061  00000-0  10000-3 0  7797
2 33207   0.0184 350.0212 0002837 327.7978 246.0323  1.00273044 13090
SUPERBIRD-C2            
1 33274U 08038A   12040.39740490 -.00000256  00000-0  10000-3 0  7728
2 33274   0.0191 344.3031 0001816 347.1721  94.3997  1.00270095 12829
AMC-21                  
1 33275U 08038B   12041.50250287  .00000031  00000-0  10000-3 0  7093
2 33275   0.0547 276.9182 0002441  37.2513 241.7921  1.00272813 12929
INMARSAT 4-F3           
1 33278U 08039A   12042.42251356 -.00000144  00000-0  10000-3 0  5552
2 33278   3.0024 342.0295 0002883 336.7314 236.5802  1.00272085 12797
NIMIQ 4                 
1 33373U 08044A   12040.40661699 -.00000224  00000-0  00000+0 0  5335
2 33373   0.0043   7.7933 0002483 303.2042 252.2554  1.00270932 12459
GALAXY 19 (G-19)        
1 33376U 08045A   12042.24402763 -.00000144  00000-0  10000-3 0  6302
2 33376   0.0162 174.6041 0003202 151.0733 165.7854  1.00271757 12428
VENESAT-1               
1 33414U 08055A   12041.11260166 -.00000242  00000-0  10000-3 0  9199
2 33414   0.0284 253.0180 0001246  46.7557 162.2992  1.00268614 12111
ASTRA 1M                
1 33436U 08057A   12041.00000000  .00000114  00000-0  00000+0 0   331
2 33436   0.0300 196.3170 0001986  43.6330 278.7360  1.00259589 11985
CIEL-2                  
1 33453U 08063A   12041.59014660  .00000053  00000-0  10000-3 0  5701
2 33453   0.0176  99.0128 0003200 221.2861 263.3518  1.00273019 11621
HOT BIRD 9              
1 33459U 08065A   12041.84744200  .00000082  00000-0  10000-3 0  5248
2 33459   0.0330   8.9897 0010913  38.5934  50.7273  1.00275429 11702
EUTELSAT W2M            
1 33460U 08065B   12042.88847388  .00000118  00000-0  10000-3 0  4447
2 33460   0.0863 287.2371 0002073 358.9770 222.9236  1.00274039 11572
FENGYUN 2E              
1 33463U 08066A   12041.92189920 -.00000334  00000-0  10000-3 0  8676
2 33463   0.5930 357.2202 0002156  50.2276 169.2361  1.00266173 11551
EXPRESS-AM 44           
1 33595U 09007A   12041.79054111 -.00000094  00000-0  10000-3 0  8444
2 33595   0.0098 199.5736 0001206 194.6563  19.6082  1.00271919 11027
EXPRESS-MD1             
1 33596U 09007B   12039.68762403 -.00000140  00000-0  10000-3 0  8789
2 33596   0.0190 247.7668 0003007  33.9549 184.1018  1.00271374 11034
NSS-9                   
1 33749U 09008A   12041.00000000  .00000066  00000-0  00000+0 0  6056
2 33749   0.0050 274.3570 0003191  62.3040 345.8190  1.00264496 11004
ATLANTIC BIRD 4A        
1 33750U 09008B   12042.02529747  .00000014  00000-0  00000+0 0  6711
2 33750   0.0710 342.8981 0003253 327.9788 201.7979  1.00271857 11053
TELSTAR 11N             
1 34111U 09009A   12042.15667185 -.00000257  00000-0  10000-3 0  5238
2 34111   0.0059 117.1995 0002321 198.3641 203.8864  1.00270616 10879
RADUGA-1 8              
1 34264U 09010A   12041.84673669  .00000075  00000-0  10000-3 0  8407
2 34264   1.7222 105.6690 0000969 344.9333   6.4041  1.00262965 10798
EUTELSAT W2A            
1 34710U 09016A   12042.74382274  .00000062  00000-0  10000-3 0  5164
2 34710   0.0674 357.7075 0004654 318.8275 102.4157  1.00273294 10538
BEIDOU G2               
1 34779U 09018A   12039.66504408  .00000095  00000-0  10000-3 0  6979
2 34779   1.4846  71.9392 0051254 162.2886 198.2928  1.00177317 10520
SICRAL 1B               
1 34810U 09020A   12041.84673669  .00000074  00000-0  10000-3 0  5096
2 34810   0.0934  91.2519 0000949 149.8138 215.7636  1.00273458 10389
SES-7 (PROTOSTAR 2)     
1 34941U 09027A   12041.92076804 -.00000350  00000-0  10000-3 0  5363
2 34941   0.0334  71.1388 0002804 231.0630 277.8011  1.00272051 10083
MEASAT-3A               
1 35362U 09032A   12039.58980926 -.00000244  00000-0  10000-3 0  3747
2 35362   0.0292 253.6211 0002600  56.5207 131.7631  1.00270543  9673
GOES 14                 
1 35491U 09033A   12042.47052236 -.00000092  00000-0  00000+0 0  3282
2 35491   0.0829 247.7184 0003560 186.3953 130.7145  1.00271773  9643
SIRIUS FM-5             
1 35493U 09034A   12041.18584506 -.00000149  00000-0  00000-0 0  4423
2 35493   0.0011 128.2213 0000467 167.3232 174.9996  1.00271053  9618
TERRESTAR-1             
1 35496U 09035A   12042.48291534 -.00000060  00000-0  10000-3 0  5806
2 35496   4.7368 322.8408 0003339 355.5075 245.4020  1.00272662  9633
ASIASAT 5               
1 35696U 09042A   12042.82096950 -.00000314  00000-0  10000-3 0  7230
2 35696   0.0261  25.9808 0000973 264.3592 246.9960  1.00270134  9173
JCSAT-RA (JCSAT-12)     
1 35755U 09044A   12041.92131472 -.00000351  00000-0  10000-3 0  4459
2 35755   0.0517  57.3656 0001213 260.2625 282.3419  1.00269671  9114
OPTUS D3                
1 35756U 09044B   12041.72742869 -.00000153  00000-0  10000-3 0  4300
2 35756   0.0514 304.0606 0004406  26.3932 227.6102  1.00271236  9096
PALAPA D                
1 35812U 09046A   12042.53580394 -.00000364  00000-0  10000-3 0  4829
2 35812   0.0072  97.3711 0002149 262.8760  86.5740  1.00270304  9146
NIMIQ 5                 
1 35873U 09050A   12042.31022998 -.00000263  00000-0  10000-3 0  4680
2 35873   0.0092 242.7106 0002504  78.2244 218.7986  1.00271418  8822
AMAZONAS 2              
1 35942U 09054A   12041.40008970 -.00000287  00000-0  10000-3 0  4051
2 35942   0.0300 154.8789 0001007 206.0077 222.0446  1.00272608  8666
COMSATBW-1              
1 35943U 09054B   12042.89899767  .00000018  00000-0  00000+0 0  4526
2 35943   0.0775 102.8673 0002344 219.7218 205.3708  1.00271255  8720
NSS-12                  
1 36032U 09058A   12041.80085703  .00000066  00000-0  10000-3 0  4277
2 36032   0.0168 293.3121 0002422  18.4497 173.8129  1.00273759  8402
THOR 6                  
1 36033U 09058B   12041.58515804 -.00000015  00000-0  10000-3 0  4593
2 36033   0.0349 227.3660 0001940  89.9960  32.5041  1.00273341  8413
INTELSAT 14 (IS-14)     
1 36097U 09064A   12040.29980084 -.00000277  00000-0  00000+0 0  3564
2 36097   0.0185 109.9814 0001999 221.9686 229.7420  1.00273086  8141
EUTELSAT W7             
1 36101U 09065A   12042.08307589  .00000150  00000-0  10000-3 0  4692
2 36101   0.0666 350.7436 0004214 333.1251 242.4687  1.00273271  8260
INTELSAT 15 (IS-15)     
1 36106U 09067A   12041.87290054 -.00000190  00000-0  10000-3 0  4834
2 36106   0.0131  18.6435 0002566 295.4049 225.6625  1.00270843  8058
DIRECTV 12              
1 36131U 09075A   12041.27218285 -.00000107  00000-0  10000-3 0  6156
2 36131   0.0112 223.1817 0000302  43.7421 228.0364  1.00271973  7833
BEIDOU G1               
1 36287U 10001A   12042.60042362 -.00000290  00000-0  10000-3 0  6005
2 36287   1.5374   7.6160 0002025 202.1438 287.3964  1.00267968  7642
RADUGA-1M 2             
1 36358U 10002A   12041.75272462 -.00000188  00000-0  10000-3 0  6259
2 36358   0.0273 228.5375 0002540 117.4380 150.2088  1.00270832  7460
SDO                     
1 36395U 10005A   12041.53597715 -.00000057  00000-0  00000-0 0  4428
2 36395  27.8463 176.3948 0001599 305.0317 109.6948  1.00269958  7519
INTELSAT 16 (IS-16)     
1 36397U 10006A   12042.08230566 -.00000290  00000-0  10000-3 0  3770
2 36397   0.0088 255.3063 0002410  70.7542 145.9995  1.00270878  7307
GOES 15                 
1 36411U 10008A   12042.24772427  .00000084  00000-0  00000+0 0  9359
2 36411   0.0161 265.2246 0000755 316.5401 232.9764  1.00264345  7149
ECHOSTAR 14             
1 36499U 10010A   12041.47361932 -.00000005  00000-0  10000-3 0  5082
2 36499   0.0054 215.0919 0003283 104.3896 232.0622  1.00272262  6988
SES-1                   
1 36516U 10016A   12042.13629182 -.00000120  00000-0  10000-3 0  4050
2 36516   0.0290 263.3660 0002458  51.0886 134.2041  1.00271772  6599
ASTRA 3B                
1 36581U 10021A   12042.12858597  .00000131  00000-0  00000+0 0  2516
2 36581   0.0532  74.8172 0002381 269.4102 226.1225  1.00272322  6434
COMSATBW-2              
1 36582U 10021B   12040.86548988  .00000085  00000-0  10000-3 0  3521
2 36582   0.0744  91.3631 0001504 213.6066 159.2023  1.00275609  6433
BEIDOU G3               
1 36590U 10024A   12042.76481959 -.00000183  00000-0  00000+0 0  4401
2 36590   1.1469 346.6620 0001422  28.2886 125.6029  1.00273241  6243
BADR-5                  
1 36592U 10025A   12041.83714563  .00000140  00000-0  10000-3 0  2552
2 36592   0.0197 197.7120 0001325 179.0667  90.8893  1.00274811  6375
COMS 1                  
1 36744U 10032A   12042.35299329 -.00000350  00000-0  10000-3 0  3099
2 36744   0.0250  77.6278 0001003 279.4702  38.9606  1.00268877  6114
ARABSAT-5A              
1 36745U 10032B   12042.71401546  .00000147  00000-0  10000-3 0  3011
2 36745   0.0551 354.5173 0003171 327.4530 106.7093  1.00271759  6141
ECHOSTAR 15             
1 36792U 10034A   12039.25657985 -.00000285  00000-0  10000-3 0  3328
2 36792   0.0485 274.3832 0002185  76.5919 177.6042  1.00272927  5820
BEIDOU IGSO 1           
1 36828U 10036A   12042.86889002 -.00000109  00000-0  10000-3 0  4032
2 36828  54.7831 212.8909 0026316 186.8287 176.1009  1.00277043  5683
NILESAT 201             
1 36830U 10037A   12041.08823762 -.00000062  00000-0  00000+0 0  2480
2 36830   0.0573 200.6726 0003897 103.7506 219.9137  1.00272923  5732
RASCOM-QAF 1R           
1 36831U 10037B   12041.82896019  .00000013  00000-0  00000+0 0  2382
2 36831   0.0188 102.5272 0004187 221.2180 117.8536  1.00272522  5743
CHINASAT 6A (ZX 6A)     
1 37150U 10042A   12042.62564313 -.00000360  00000-0  00000+0 0  4323
2 37150   0.0612 256.0251 0001360 123.6457 111.6264  1.00268520  5398
XM-5                    
1 37185U 10053A   12041.39730044 -.00000209  00000-0  10000-3 0  3395
2 37185   0.0122  37.6470 0003032 131.0925  28.8952  1.00270519  4909
BSAT-3B                 
1 37207U 10056B   12042.58574782 -.00000356  00000-0  10000-3 0  2448
2 37207   0.0480 299.9217 0003926  60.4110 101.3892  1.00273269  4754
BEIDOU G4               
1 37210U 10057A   12042.63314454 -.00000118  00000-0  00000+0 0  3573
2 37210   0.8824 300.0144 0003306 144.1458  84.8030  1.00272923  4764
SKYTERRA 1              
1 37218U 10061A   12040.47520366 -.00000119  00000-0  00000-0 0  3377
2 37218   5.5224 320.7870 0001315 188.5862  59.3407  1.00266274  4668
ZHONGXING-20A           
1 37234U 10064A   12042.59828991 -.00000343  00000-0  10000-3 0  3416
2 37234   0.1139  75.0476 0003693 319.4316  91.9773  1.00272023  4515
HYLAS 1                 
1 37237U 10065A   12042.08702934 -.00000239  00000-0  10000-3 0  2594
2 37237   0.0593 280.9103 0002264  47.6550 169.8132  1.00272232  4468
INTELSAT 17             
1 37238U 10065B   12042.63706615 -.00000008  00000-0  10000-3 0  2411
2 37238   0.0473 273.4288 0002356  50.1216 112.8691  1.00272591  4496
BEIDOU IGSO 2           
1 37256U 10068A   12042.42459762 -.00000247  00000-0  10000-3 0  3011
2 37256  55.0010 333.6744 0021129 185.7008 253.3944  1.00281570  4266
KA-SAT                  
1 37258U 10069A   12042.07484523  .00000055  00000-0  10000-3 0  2170
2 37258   0.0515 280.4057 0001972 115.9373 140.0687  1.00269798  4273
HISPASAT 1E             
1 37264U 10070A   12040.10000000 -.00000220  00000-0  00000+0 0  2546
2 37264   0.0160 198.4130 0003348 138.8390 167.3670  1.00271598  4105
KOREASAT 6              
1 37265U 10070B   12041.67698521 -.00000367  00000-0  10000-3 0  2054
2 37265   0.0300 327.8349 0001863 349.8200 182.2060  1.00270155  4147
ELEKTRO-L 1 (GOMS 2)    
1 37344U 11001A   12041.80705890 -.00000102  00000-0  10000-3 0  2721
2 37344   0.0548 112.0900 0001237 332.5976  62.1517  1.00271573  3934
BEIDOU IGSO 3           
1 37384U 11013A   12042.59781947 -.00000149  00000-0  00000+0 0  2201
2 37384  55.6010  93.3955 0023135 185.0794 196.9455  1.00288746  3149
INTELSAT NEW DAWN       
1 37392U 11016A   12041.79280443  .00000150  00000-0  10000-3 0  1833
2 37392   0.0448 272.6107 0000673  49.9956 135.8232  1.00266030  2997
YAHSAT 1A               
1 37393U 11016B   12042.08345704  .00000095  00000-0  10000-3 0  2399
2 37393   0.0215  63.8091 0001913 304.6204 214.6500  1.00272664  3037
TELSTAR 14R             
1 37602U 11021A   12042.21772877 -.00000286  00000-0  10000-3 0  1615
2 37602   0.0139 328.4159 0002014 351.7708 195.8531  1.00270417  3347
GSAT-8                  
1 37605U 11022A   12042.08351039  .00000079  00000-0  10000-3 0  1504
2 37605   0.0940 263.9340 0006323  16.5990 305.1378  1.00272078  2700
ST-2                    
1 37606U 11022B   12042.05265453 -.00000216  00000-0  10000-3 0  1791
2 37606   0.0085 141.9115 0001682 130.0698 335.4715  1.00269824  2713
CHINASAT 10 (ZX 10)     
1 37677U 11026A   12041.21196815 -.00000356  00000-0  10000-3 0  1857
2 37677   0.0589 279.7498 0006961 347.1338  59.6062  1.00268807  2430
TIANLIAN 1-02           
1 37737U 11032A   12041.78614870  .00000026  00000-0  10000-3 0  1627
2 37737   0.5970 266.2147 0004760  47.4970 286.3408  1.00274329  2175
GSAT-12                 
1 37746U 11034A   12042.76481959 -.00000171  00000-0  10000-3 0  1215
2 37746   0.1112 260.1234 0004975 217.7841  21.6400  1.00271498  2431
SES-3                   
1 37748U 11035A   12041.98661990 -.00000351  00000-0  10000-3 0  1485
2 37748   0.0065  67.6840 0002322 238.0061 298.2384  1.00272665  2155
KAZSAT-2                
1 37749U 11035B   12041.79535019 -.00000202  00000-0  10000-3 0  1280
2 37749   0.0103 189.8373 0000621  78.2430 244.9662  1.00269383  2218
BEIDOU IGSO 4           
1 37763U 11038A   12042.79339141 -.00000058  00000-0  10000-3 0   950
2 37763  55.1033 214.9826 0020390 167.9933 140.6492  1.00271707  2103
ASTRA 1N                
1 37775U 11041A   12041.00000000  .00000145  00000-0  00000+0 0  1355
2 37775   0.0790  69.5140 0002250 316.7300 141.4130  1.00261914  1910
BSAT-3C                 
1 37776U 11041B   12042.58574807 -.00000357  00000-0  10000-3 0  1385
2 37776   0.0491 283.0824 0001070 140.7590  37.9988  1.00272886  2018
PAKSAT-1R               
1 37779U 11042A   12041.63441032  .00000149  00000-0  10000-3 0  1004
2 37779   0.0083 126.4499 0001465 229.4462  50.5788  1.00272914  1927
CHINASAT 1A (ZX 1A)     
1 37804U 11047A   12042.58406633 -.00000344  00000-0  00000+0 0  1059
2 37804   0.2610 280.6348 0002070 132.0900  68.4346  1.00270237  1563
COSMOS 2473             
1 37806U 11048A   12040.78719101 -.00000139  00000-0  00000+0 0  1095
2 37806   0.0709  89.1718 0003075 310.5545 102.8240  1.00271748  1518
SES-2                   
1 37809U 11049A   12037.32469503 -.00000197  00000-0  10000-3 0  1025
2 37809   0.0423 285.9784 0002232  53.1683 186.5878  1.00272471  1431
ARABSAT-5C              
1 37810U 11049B   12040.23299204  .00000120  00000-0  00000+0 0   737
2 37810   0.0652 338.9653 0003148 302.9869 320.6380  1.00273943  1499
ATLANTIC BIRD 7         
1 37816U 11051A   12042.08204679 -.00000066  00000-0  10000-3 0   952
2 37816   0.0642 337.9658 0001394 188.6884 356.1193  1.00272691  1423
QUETZSAT 1              
1 37826U 11054A   12037.37849387 -.00000273  00000-0  10000-3 0  1044
2 37826   0.0397 277.9544 0002775  29.9093 257.1975  1.00270901  1500
INTELSAT 18             
1 37834U 11056A   12042.43599875  .00000047  00000-0  10000-3 0   959
2 37834   0.0265 258.5566 0005435  85.9927 133.2611  1.00272474  1425
EUTELSAT W3C            
1 37836U 11057A   12042.00742682  .00000090  00000-0  10000-3 0   892
2 37836   0.2820  75.9825 0004306 306.6463 135.0049  1.00270158  1285
VIASAT-1                
1 37843U 11059A   12042.67555054 -.00000030  00000-0  00000+0 0   834
2 37843   0.0204 156.3063 0002187 147.3718 325.5287  1.00272763  1737
ASIASAT 7               
1 37933U 11069A   12042.69665918 -.00000314  00000-0  10000-3 0   535
2 37933   0.0431 273.8208 0000279 214.4121   4.3145  1.00270477   935
BEIDOU IGSO 5           
1 37948U 11073A   12041.84718639 -.00000179  00000-0  10000-3 0   484
2 37948  55.1371 333.0710 0017638 187.3884  18.2990  1.00265742   855
AMOS 5                  
1 37950U 11074A   12040.86379602  .00000105  00000-0  00000+0 0   373
2 37950   0.0278 124.0919 0000871 359.8240 343.4033  1.00273078   789
LUCH 5A                 
1 37951U 11074B   12041.70607457  .00000053  00000-0  00000+0 0   338
2 37951   4.7623 267.8414 0000806 135.6992  49.4545  1.00276286   632
NIGCOMSAT 1R            
1 38014U 11077A   12042.19794696  .00000139  00000-0  00000+0 0   388
2 38014   0.1596 265.3442 0000946  74.1256 274.9360  1.00274398   611
FENGYUN 2F              
1 38049U 12002A   12042.71723791 -.00000363  00000-0  10000-3 0   285
2 38049   2.3431 277.8164 0006220 266.5549 327.2821  1.00271806   359
