STARLETTE               
1 07646U 75010A   12042.88688931 -.00000136  00000-0  72098-5 0  8403
2 07646  49.8236 263.7878 0205768  35.8692 325.5819 13.82279075869818
LAGEOS 1                
1 08820U 76039A   12042.37676674  .00000010  00000-0  10000-3 0  2468
2 08820 109.8142 184.4080 0045033 343.8517  16.0577  6.38664624578939
AJISAI (EGS)            
1 16908U 86061A   12042.22698945 -.00000083  00000-0  10000-3 0  7432
2 16908  50.0082  59.4998 0011611 164.0753 196.0449 12.44468727828265
LAGEOS 2                
1 22195U 92070B   12042.23681699 -.00000009  00000-0  10000-3 0  4696
2 22195  52.6787 338.4166 0137835  56.1363 305.2230  6.47293858456404
STELLA                  
1 22824U 93061B   12041.85384395  .00000052  00000-0  38862-4 0   900
2 22824  98.5911 342.2696 0005993 355.6688   4.4461 14.27303511957368
WESTPAC                 
1 25398U 98043E   12041.98270938 -.00000009  00000-0  14474-4 0  3241
2 25398  98.3568  25.5664 0000436 275.6362  84.4772 14.22706735705764
GRACE-1                 
1 27391U 02012A   12042.13032740  .00003234  00000-0  85006-4 0    82
2 27391  89.0070 232.8002 0012273 300.1642  59.8369 15.38183819553972
GRACE-2                 
1 27392U 02012B   12042.13003925  .00003198  00000-0  84022-4 0    82
2 27392  89.0061 232.8252 0013217 301.0475  58.9441 15.38180555553978
GOC                     
1 34602U 09013A   12042.98003417  .00003002  19084-5  49889-5 0  5709
2 34602  96.6077  66.2630 0004928   5.9833 354.2534 16.05991358170243
