COSMOS 2413 (712)       
1 28509U 04053B   12042.49551025  .00000065  00000-0  10000-3 0  9676
2 28509  63.3637 246.8169 0004761 135.5305 253.8069  2.13102385 55479
COSMOS 2419 (714)       
1 28915U 05050A   12042.14399459  .00000029  00000-0  00000+0 0  7143
2 28915  64.8908 131.6306 0016240 347.8880  75.3090  2.13103356 47710
COSMOS 2425 (716)       
1 29670U 06062A   12042.61429172 -.00000032  00000-0  10000-3 0  4231
2 29670  65.8297  10.3231 0023410 341.6058 152.8597  2.13104621 39920
COSMOS 2426 (717)       
1 29671U 06062B   12042.21001696 -.00000032  00000-0  10000-3 0  4415
2 29671  65.8473  10.3802 0016539 175.4252 241.3442  2.13103377 39924
COSMOS 2424 (715)       
1 29672U 06062C   12042.51176655 -.00000032  00000-0  10000-3 0  4507
2 29672  65.8327  10.3294 0016075 174.5395 293.6859  2.13103137 39927
COSMOS 2433 (720)       
1 32275U 07052A   12042.70837832  .00000024  00000-0  10000-3 0  1734
2 32275  64.9037 131.3552 0002465 252.5930 154.2146  2.13102541 33449
COSMOS 2432 (719)       
1 32276U 07052B   12041.80706898  .00000031  00000-0  10000-3 0  1583
2 32276  64.9167 131.4245 0013007 339.9157  48.9221  2.13102153 33429
COSMOS 2434 (721)       
1 32393U 07065A   12042.81869850 -.00000033  00000-0  00000+0 0    89
2 32393  65.4554  10.3845 0001876 141.3366 245.3690  2.13102959 32150
COSMOS 2435 (722)       
1 32394U 07065B   12042.07285634 -.00000033  00000-0  10000-3 0  9208
2 32394  65.4588  10.4028 0020376 352.8810 136.5192  2.13104015 32075
COSMOS 2436 (723)       
1 32395U 07065C   12042.38120957 -.00000033  00000-0  10000-3 0  9287
2 32395  65.4679  10.4158 0018065 346.0103 156.5349  2.13103228 32074
COSMOS 2442 (724)       
1 33378U 08046A   12042.16204221  .00000028  00000-0  10000-3 0  9522
2 33378  64.8170 130.9065 0024807 334.6898  57.2498  2.13102208 26291
COSMOS 2443 (725)       
1 33379U 08046B   12042.36285289  .00000027  00000-0  10000-3 0  9392
2 33379  64.8252 130.9434 0020588 183.2362 228.6925  2.13102490 26303
COSMOS 2444 (726)       
1 33380U 08046C   12041.94966828  .00000030  00000-0  10000-3 0  9431
2 33380  64.8344 130.9774 0026097 325.7573  85.0593  2.13102703 26282
COSMOS 2447 (727)       
1 33466U 08067A   12042.05074916  .00000063  00000-0  00000+0 0  8799
2 33466  64.2097 250.6411 0002029 288.0548 302.3689  2.13102124 24349
COSMOS 2449 (729)       
1 33467U 08067B   12042.31769863  .00000062  00000-0  00000+0 0  8868
2 33467  64.1973 250.6052 0002776 317.3668 253.4301  2.13102016 24371
COSMOS 2448 (728)       
1 33468U 08067C   12042.05884218  .00000063  00000-0  10000-3 0  8790
2 33468  64.2023 250.6198 0004756 334.4697 306.0656  2.13101726 24355
COSMOS 2456 (730)       
1 36111U 09070A   12042.06652912  .00000063  00000-0  00000+0 0  6252
2 36111  64.4365 250.7300 0005294 343.9653 349.0258  2.13101980 16791
COSMOS 2457 (733)       
1 36112U 09070B   12042.39180333  .00000063  00000-0  00000+0 0  6128
2 36112  64.4188 250.6806 0006659 138.2587 219.4570  2.13101695 16804
COSMOS 2458 (734)       
1 36113U 09070C   12041.77901932  .00000064  00000-0  10000-3 0  6188
2 36113  64.4254 250.6962 0003283  43.3528 249.3747  2.13102060 16796
COSMOS 2459 (731)       
1 36400U 10007A   12041.95001969  .00000030  00000-0  10000-3 0  5553
2 36400  64.8023 130.7436 0031339 353.3173  57.2088  2.13102695 15157
COSMOS 2461 (735)       
1 36401U 10007B   12042.52831769  .00000025  00000-0  10000-3 0  5540
2 36401  64.7956 130.7195 0005160  95.8934 308.5338  2.13102673 15167
COSMOS 2460 (732)       
1 36402U 10007C   12041.66155465  .00000031  00000-0  10000-3 0  5599
2 36402  64.7847 130.7455 0001073 188.4953 315.1504  2.13102368 15143
COSMOS 2466 (738)       
1 37137U 10041A   12042.65199390 -.00000033  00000-0  00000+0 0  4180
2 37137  65.0306  11.3197 0020390 159.7491 323.1215  2.13102666 11247
COSMOS 2465 (737)       
1 37138U 10041B   12041.94189221 -.00000033  00000-0  00000+0 0  4274
2 37138  65.0462  11.3861 0034739 171.3744 307.2829  2.13103025 11224
COSMOS 2464 (736)       
1 37139U 10041C   12042.27562412 -.00000033  00000-0  00000+0 0  4112
2 37139  65.0485  11.3627 0020716   6.4393 142.9604  2.13102933 11231
COSMOS 2471 (701K)      
1 37372U 11009A   12042.34652427  .00000027  00000-0  10000-3 0  2878
2 37372  64.7960 130.6533 0005535 235.6382 174.8365  2.13109752  7443
COSMOS 2474 (742)       
1 37829U 11055A   12041.71236507  .00000065  00000-0  00000+0 0  1149
2 37829  64.7557 250.5004 0006364 279.8407   7.1860  2.13102020  2787
COSMOS 2476 (744)       
1 37867U 11064A   12041.94647870  .00000064  00000-0  00000+0 0   828
2 37867  64.7370 250.6148 0014747 267.5019 244.1446  2.13102138  2142
COSMOS 2477 (745)       
1 37868U 11064B   12042.48728284  .00000063  00000-0  00000+0 0   861
2 37868  64.7442 250.6202 0012997 269.8451 116.8190  2.13102026  2118
COSMOS 2475 (743)       
1 37869U 11064C   12041.97822064  .00000064  00000-0  10000-3 0   750
2 37869  64.7532 250.6181 0019433 287.3552 293.8349  2.13101894  2107
COSMOS 2478 (746)       
1 37938U 11071A   12042.51249319  .00000025  00000-0  00000+0 0   653
2 37938  64.8150 130.8277 0012150 240.5646 105.3960  2.13102651  1725
