COSMOS 2361             
1 25590U 98076A   12042.21951970  .00000048  00000-0  36109-4 0  8897
2 25590  82.9346 119.1687 0029965 272.5049  87.2675 13.72765211657972
COSMOS 2378             
1 26818U 01023A   12042.78381887  .00000026  00000-0  11942-4 0  9281
2 26818  82.9305 143.7976 0031756 231.1809 128.6521 13.73776143535456
COSMOS 2389             
1 27436U 02026A   12042.20269757  .00000051  00000-0  36877-4 0  6212
2 27436  82.9487  85.9344 0047687 117.3985 243.2033 13.74776757487113
COSMOS 2398             
1 27818U 03023A   12041.50234988  .00000054  00000-0  42885-4 0  5133
2 27818  82.9439  35.8034 0032885 105.2080 255.2707 13.72001680435028
COSMOS 2407             
1 28380U 04028A   12042.90878566  .00000015  00000-0 -72666-6 0  3571
2 28380  82.9618 353.2550 0040083 138.8975 221.5220 13.75890855379538
COSMOS 2414             
1 28521U 05002A   12042.53582585  .00000059  00000-0  36585-4 0  6504
2 28521  82.9450  44.6497 0041119 141.5534 218.8569 13.87404629357504
COSMOS 2429             
1 32052U 07038A   12042.52065307  .00000024  00000-0  89662-5 0    68
2 32052  82.9792 106.1049 0040165 102.4459 258.1196 13.74739453221747
COSMOS 2454             
1 35635U 09039A   12042.47792402  .00000066  00000-0  40702-4 0  2797
2 35635  82.9519  38.0870 0020461 122.7355 237.5787 13.89434409129873
COSMOS 2463             
1 36519U 10017A   12042.19805068  .00000215  00000-0  22234-3 0  7845
2 36519  82.9626 138.3350 0034695 265.5727  94.1464 13.71281355 89790
