TRANSIT 16              
1 02807U 67048A   12042.25335630  .00000074  00000-0  10000-3 0  7092
2 02807  89.6841 171.8448 0019816 324.7457  35.2384 13.49821316201348
TRANSIT 17              
1 02965U 67092A   12042.55287776  .00000079  00000-0  10000-3 0  9497
2 02965  89.2397  48.6066 0048758 136.8235 223.6756 13.52536126188149
TRANSIT 18              
1 03133U 68012A   12042.21191338  .00000075  00000-0  10000-3 0   654
2 03133  89.9622 283.7406 0076413  41.6725 319.0222 13.50640782163357
NNSS 19                 
1 04507U 70067A   12042.54183479  .00000087  00000-0  10816-3 0  7594
2 04507  89.8387 296.9993 0172732 160.0143 200.7884 13.50264137 40482
NNSS O-20               
1 06909U 73081A   12042.39944972  .00000138  00000-0  13165-3 0  2173
2 06909  89.8607 344.0749 0160288  89.2847 272.6677 13.69919950111741
TRANSAT                 
1 10457U 77106A   12042.07007137  .00000072  00000-0  10000-3 0  3247
2 10457  89.7199 219.6486 0026561   3.3682 356.7642 13.48337180686528
NOVA I                  
1 12458U 81044A   12042.51335907  .00000050  00000-0  10000-3 0  5321
2 12458  90.0415 122.0771 0014024   1.5946 358.5222 13.22768487483984
NOVA 3                  
1 15362U 84110A   12041.96792922  .00000050  00000-0  10000-3 0  4090
2 15362  90.0017  50.1103 0030387 213.5942 146.3267 13.22544236319153
OSCAR 30                
1 15935U 85066A   12041.94946008  .00000078  00000-0  12947-3 0  9436
2 15935  90.0790  29.3462 0168098 295.8405  62.5477 13.35349716289980
OSCAR 24                
1 15936U 85066B   12042.50217676  .00000200  00000-0  35165-3 0  4969
2 15936  90.0697  25.4186 0168332 297.5102  60.8996 13.35241276292175
POLAR BEAR              
1 17070U 86088A   12042.55383497  .00000089  00000-0  82236-4 0  6245
2 17070  89.5200  61.7043 0036778 228.6963 131.1032 13.74435369265783
OSCAR 27                
1 18361U 87080A   12041.67549616  .00000067  00000-0  10000-3 0  9340
2 18361  90.3629 267.1874 0104366 290.7596  68.2391 13.44162102196721
OSCAR 29                
1 18362U 87080B   12042.22024739  .00000067  00000-0  10000-3 0  1877
2 18362  90.3610 267.3700 0106366 302.1011  56.9845 13.43780199196532
OSCAR 23                
1 19070U 88033A   12041.97503254  .00000058  00000-0  10000-3 0  2914
2 19070  90.2840 210.3529 0189279 188.0349 171.7734 13.27184240152339
OSCAR 32                
1 19071U 88033B   12042.04460135  .00000058  00000-0  10000-3 0  7739
2 19071  90.2851 210.4376 0187861 178.9985 181.1567 13.27379913152525
NOVA 11                 
1 19223U 88052A   12042.70481108  .00000050  00000-0  10000-3 0  9469
2 19223  89.9984  91.6420 0028534 255.3497 104.4474 13.22473598141784
OSCAR 25                
1 19419U 88074A   12041.97526218  .00000066  00000-0  10000-3 0  1795
2 19419  89.9444  24.9583 0094704 255.8862 103.1742 13.41896173148751
OSCAR 31                
1 19420U 88074B   12042.04199597  .00000066  00000-0  10000-3 0  8519
2 19420  89.9439  24.9031 0092733 250.0163 109.0977 13.41938468148867
