CALSPHERE 1             
1 00900U 64063C   12041.86256978  .00000354  00000-0  38453-3 0  6138
2 00900  90.1462 342.4371 0025971 212.1731 147.7839 13.71059298352169
CALSPHERE 2             
1 00902U 64063E   12042.84409891  .00000075  00000-0  10000-3 0  6221
2 00902  90.1466 345.0387 0017941 321.9616  38.0263 13.52511196148435
LCS 1                   
1 01361U 65034C   12041.95239452  .00000009  00000-0  10000-3 0  3746
2 01361  32.1472  18.9853 0008656 205.1504 154.8573  9.89281986691298
TEMPSAT 1               
1 01512U 65065E   12041.71935946  .00000059  00000-0  10000-3 0  6785
2 01512  89.7882 281.1459 0068496 201.0186 158.8132 13.33294661261683
CALSPHERE 4(A)          
1 01520U 65065H   12041.68942829  .00000061  00000-0  10000-3 0  8457
2 01520  90.1621  99.7377 0072081 117.4439 243.4057 13.35421438263503
OPS 5712 (P/L 160)      
1 02826U 67053A   12042.54650953  .00001034  00000-0  34577-3 0  5336
2 02826  69.9309  97.2826 0010493 252.3824 107.6161 14.40143844306737
OPS 5712 (P/L 153)      
1 02874U 67053H   12042.47573126 -.00000015  00000-0  27963-4 0  9859
2 02874  69.9674 177.3577 0007506 174.6018 185.5168 13.96011825275819
SURCAL 150B             
1 02909U 67053J   12042.15075169  .00001523  00000-0  41804-3 0  7230
2 02909  69.9519 244.8510 0002018 319.4953  40.6030 14.48911839313165
RIGIDSPHERE 2 (LCS 4)   
1 05398U 71067E   12041.85960431  .00000408  00000-0  14337-3 0  3920
2 05398  87.6296 343.7389 0063176 233.5829 125.9542 14.31679934123121
RADCAT                  
1 06212U 72076A   12042.35936121  .00042673  00000-0  63426-3 0  5477
2 06212  98.5727 220.7071 0002634 233.1368 126.9343 15.55061934271503
