LANDSAT 5               
1 14780U 84021A   12042.80518192 -.00002616  00000-0 -57099-3 0  6704
2 14780  98.1614 110.8535 0002296 349.4028  10.7293 14.57105523486589
SPOT 2                  
1 20436U 90005A   12042.73816072  .00000934  00000-0  16489-3 0   956
2 20436  98.6570 170.0766 0153546 185.9840 173.9536 14.62757354147222
ERS-2                   
1 23560U 95021A   12042.80996799  .00002068  00000-0  16177-3 0  2498
2 23560  98.5038 140.6496 0005317  30.6452 115.5278 15.02360117880389
RADARSAT-1              
1 23710U 95059A   12042.81519854  .00000127  00000-0  66313-4 0  2559
2 23710  98.5824  50.9576 0001035  90.2829   9.3274 14.29982327849386
TOMS EP                 
1 23940U 96037A   12042.49031226  .00000353  00000-0  95875-4 0  8661
2 23940  97.9204 241.2609 0028541 230.9597 128.9046 14.52731943830123
MIDORI (ADEOS)          
1 24277U 96046A   12041.91034204  .00000010  00000-0  21058-4 0  8640
2 24277  98.4971 349.3668 0000579 348.9945  11.1222 14.28745193807248
ORBVIEW 2 (SEASTAR)     
1 24883U 97037A   12041.88377652  .00000146  00000-0  69721-4 0  6521
2 24883  98.3998 164.2039 0002890 119.8617 240.2850 14.32399552772178
IRS-1D                  
1 24971U 97057A   12042.78031578  .00000118  00000-0  56965-4 0  3167
2 24971  98.1911  42.8086 0052813 280.3148  79.2076 14.33149238751694
TRMM                    
1 25063U 97074A   12041.41526202  .00013473  00000-0  18955-3 0  8979
2 25063  34.9623  54.2429 0001104 237.3925 122.6599 15.55756251811004
SPOT 4                  
1 25260U 98017A   12042.79453489  .00000058  00000-0  47266-4 0  1396
2 25260  98.5809 108.1978 0000770  46.9085 313.2160 14.20095213719949
FASAT B                 
1 25395U 98043B   12042.07671367  .00000092  00000-0  57420-4 0  2552
2 25395  98.3115  35.9683 0001856 245.1585 114.9399 14.24520416706375
TECHSAT 1B (GO-32)      
1 25397U 98043D   12042.08252695 -.00000130  00000-0 -39252-4 0  7007
2 25397  98.3499  27.1363 0000564 340.0174  20.1002 14.23255920705949
LANDSAT 7               
1 25682U 99020A   12042.77657379  .00000173  00000-0  48351-4 0  8055
2 25682  98.2116 112.8347 0001036 122.0831 238.0457 14.57107869682277
KITSAT 3                
1 25756U 99029A   12042.19150308  .00000020  00000-0  16458-4 0  7369
2 25756  98.5638 276.7500 0014918 102.1178 258.1681 14.52764807673838
DLR-TUBSAT              
1 25757U 99029B   12042.77510993  .00000023  00000-0  17703-4 0  7923
2 25757  98.6078 269.4017 0014973 136.0451 224.1916 14.50950219673309
IRS-P4 (OCEANSAT 1)     
1 25758U 99029C   12042.89949473  .00000158  00000-0  50813-4 0  9757
2 25758  98.2584 136.4292 0002025 133.5835 226.5526 14.51074741673478
QUIKSCAT                
1 25789U 99034A   12042.44311451  .00000038  00000-0  33709-4 0  2235
2 25789  98.6225 233.3569 0000933  32.5224 327.5999 14.26889611658671
IKONOS 2                
1 25919U 99051A   12042.75091446  .00000151  00000-0  37442-4 0  3709
2 25919  98.1111 118.9263 0000815  83.4232 276.7056 14.64446816661960
CBERS 1 (ZY 1A)         
1 25940U 99057A   12041.97168445  .00000057  00000-0  34782-4 0  1017
2 25940  98.2464  12.3886 0006110  68.1062 292.0770 14.34653971645706
TERRA                   
1 25994U 99068A   12042.72393316  .00000247  00000-0  64800-4 0  7155
2 25994  98.2059 118.5984 0000891  72.6124 287.5174 14.57094182646348
ARIRANG 1 (KOMPSAT-1)   
1 26032U 99070A   12042.77268234  .00000403  00000-0  81306-4 0  7274
2 26032  97.7907 256.2667 0005811  47.2184 312.9513 14.66212546649526
EO-1                    
1 26619U 00075A   12042.77347254  .00000230  00000-0  54520-4 0   710
2 26619  98.0920 110.2827 0010962 143.9636 216.2248 14.62519833597957
SAC-C                   
1 26620U 00075B   12042.52533125  .00000134  00000-0  39430-4 0  5259
2 26620  97.8826  37.9206 0001032 103.8975 256.2313 14.56803023596783
EROS A1                 
1 26631U 00079A   12042.83770113  .00004038  00000-0  24383-3 0  8721
2 26631  97.6215 113.3002 0005638 280.1263 191.0078 15.11272429621373
QUICKBIRD 2             
1 26953U 01047A   12042.80471697  .00005634  00000-0  17568-3 0  2067
2 26953  97.2371 109.7590 0000955  60.1400  44.0532 15.33625837579548
TES                     
1 26957U 01049A   12042.76132219 -.00003922  00000-0 -30104-3 0  1657
2 26957  97.6535 118.7568 0035458 155.5436 204.7498 15.00703939564642
JASON 1                 
1 26997U 01055A   12041.90408058 -.00000038  00000-0  10000-3 0  4593
2 26997  66.0368 218.5305 0006836 270.3051  89.7179 12.80931011476115
METEOR-3M               
1 27001U 01056A   12041.96374894  .00000002  00000-0  50875-4 0   600
2 27001  99.1920 229.2076 0014206  36.6128 323.5994 13.68732583508047
BADR-B                  
1 27003U 01056C   12042.58863571  .00000014  00000-0  63035-4 0    83
2 27003  99.1583 236.2102 0020752  29.8419 330.3905 13.70129040508704
MAROC-TUBSAT            
1 27004U 01056D   12041.96356604  .00000024  00000-0  74373-4 0  8614
2 27004  99.1554 234.7235 0020370  32.6638 327.5763 13.70049718508583
ENVISAT                 
1 27386U 02009A   12042.77596568  .00000098  00000-0  47323-4 0  9911
2 27386  98.4767 112.9661 0001034  86.7516 273.3798 14.37494492520537
SPOT 5                  
1 27421U 02021A   12042.80177294  .00000170  00000-0  10000-3 0   610
2 27421  98.6668 116.9550 0001149  93.0959  55.8536 14.20049156506777
AQUA                    
1 27424U 02022A   12042.67490844  .00000384  00000-0  95411-4 0  2101
2 27424  98.2235 344.9611 0001248  92.0911 268.0420 14.57095429519941
HAIYANG-1A              
1 27430U 02024A   12042.21784054  .00000209  00000-0  97091-4 0  8567
2 27430  98.3452  90.9040 0009875  96.8391 263.3915 14.29983380508544
ALSAT 1                 
1 27559U 02054A   12042.76955363  .00000298  00000-0  57601-4 0  3808
2 27559  97.8075 258.0413 0024282 138.2663 222.0399 14.69821997492116
MIDORI II (ADEOS-II)    
1 27597U 02056A   12042.53167536  .00000117  00000-0  65750-4 0  6520
2 27597  98.3436  83.6290 0001118  16.3108 343.8109 14.26379166476968
IRS-P6 (RESOURCESAT-1)  
1 28051U 03046A   12042.74468688  .00000059  00000-0  46526-4 0  6346
2 28051  98.6127 116.1686 0001822 187.5401 172.5756 14.21676537431877
CBERS 2 (ZY 1B)         
1 28057U 03049A   12042.72317110  .00000101  00000-0  49728-4 0   862
2 28057  98.1687  63.6614 0001624  11.2718 348.8499 14.35079315435445
TANSUO 1                
1 28220U 04012A   12042.50813234  .00001164  00000-0  12535-3 0   987
2 28220  97.4546  39.4937 0010624 203.9957 156.0750 14.90211090424667
FORMOSAT-2 (ROCSAT 2)   
1 28254U 04018A   12042.78631826  .00000105  00000-0  10000-3 0  6991
2 28254  98.9849 108.4216 0002373 126.2612 335.0921 14.00779115395260
AURA                    
1 28376U 04026A   12042.33704077  .00000412  00000-0  10161-3 0  3687
2 28376  98.2261 346.7802 0001240  93.1206 267.0141 14.57106473402942
PARASOL                 
1 28498U 04049G   12041.91120758  .00000310  00000-0  74549-4 0  2405
2 28498  98.3955   1.9761 0001418  83.0567 277.0812 14.60059347380275
IRS-P5 (CARTOSAT-1)     
1 28649U 05017A   12042.74521115  .00000628  00000-0  84390-4 0  6213
2 28649  97.8528 117.5074 0000704 103.4452 256.6833 14.82669411366522
TOPSAT                  
1 28891U 05043B   12042.74593567  .00000217  00000-0  54390-4 0   205
2 28891  97.9193 272.0984 0017090 184.2583 175.8483 14.60061999335325
SINAH 1                 
1 28893U 05043D   12041.70588474  .00000215  00000-0  53600-4 0  2992
2 28893  97.9294 273.1026 0015404 186.4335 173.6669 14.60317026335242
ALOS (DAICHI)           
1 28931U 06002A   12042.78166242  .00000425  00000-0  98466-4 0  7554
2 28931  98.0897 115.0754 0001275  37.0876 323.0412 14.59768647322330
EROS B                  
1 29079U 06014A   12042.82815884  .00006988  00000-0  34515-3 0  5157
2 29079  97.4346 162.5571 0005224 223.4085 301.6508 15.18165229321689
RSS-1 (YAOGAN 1)        
1 29092U 06015A   12042.54171725  .00000382  00000-0  56374-4 0   112
2 29092  97.9152  33.9659 0001198  79.7796 280.3551 14.80748844313184
RESURS-DK 1             
1 29228U 06021A   12042.80505703  .00000366  00000-0  37629-4 0  3528
2 29228  69.9358  15.2323 0002114 118.9699 241.1674 14.99274754315165
ARIRANG 2 (KOMPSAT-2)   
1 29268U 06031A   12042.79185257  .00000315  00000-0  72838-4 0  1601
2 29268  98.2771 293.9550 0015525  19.6995 340.4815 14.61663312295726
LAPAN-TUBSAT            
1 29709U 07001A   12042.75214937  .00000221  00000-0  35251-4 0  6545
2 29709  97.6774  79.5458 0013756   9.7211 350.4260 14.80588809274924
CARTOSAT-2 (IRS-P7)     
1 29710U 07001B   12042.72706057  .00000155  00000-0  28077-4 0  6301
2 29710  97.9231 104.0659 0001367  63.6438 296.4923 14.78683431274669
HAIYANG-1B              
1 31113U 07010A   12042.78144018  .00000116  00000-0  61589-4 0  3769
2 31113  98.4289 106.9263 0014775  90.6077 269.6802 14.29649660252460
COSMO-SKYMED 1          
1 31598U 07023A   12042.77545714  .00000294  00000-0  43416-4 0  2010
2 31598  97.8655 230.0178 0001353  94.6765 265.4596 14.82166320253244
TERRASAR-X              
1 31698U 07026A   12042.83001157  .00000536  00000-0  28717-4 0  5849
2 31698  97.4455  51.3656 0001286  64.9704 287.4720 15.19156637258476
WORLDVIEW-1 (WV-1)      
1 32060U 07041A   12042.82976319  .00003380  00000-0  14050-3 0  9062
2 32060  97.3427 121.8601 0001716  60.4165  49.6168 15.24464570244812
CBERS 2B                
1 32062U 07042A   12042.71689762  .00000160  00000-0  65897-4 0  5544
2 32062  98.3918 118.0221 0031598 299.0260  60.7767 14.38767414230803
YAOGAN 3                
1 32289U 07055A   12042.79047572  .00000063  00000-0  14836-4 0  7152
2 32289  97.8735  35.1753 0000902  93.5779 266.5538 14.80685277229758
COSMO-SKYMED 2          
1 32376U 07059A   12042.74169173  .00000251  00000-0  38033-4 0  6120
2 32376  97.8656 229.9859 0001240  96.4141 263.7221 14.82168373225982
RADARSAT-2              
1 32382U 07061A   12042.78331071  .00000038  00000-0  31822-4 0  6045
2 32382  98.5794  51.6142 0000988  84.1904  21.5130 14.29984378217267
CARTOSAT-2A             
1 32783U 08021A   12042.77377905  .00000143  00000-0  26533-4 0  2037
2 32783  97.9251 104.6508 0015517 149.4804 210.7283 14.78658875204616
IMS-1                   
1 32786U 08021D   12042.82990390  .00000722  00000-0  10177-3 0  6870
2 32786  97.8209 103.7504 0013906 120.4664 239.7916 14.80110151204819
JASON 2 (OSTM)          
1 33105U 08032A   12042.79882826 -.00000050  00000-0  46041-4 0  2037
2 33105  66.0380 216.9477 0007388 271.7209  88.2954 12.80930944170539
RAPIDEYE 2              
1 33312U 08040A   12042.75343479  .00000360  00000-0  54613-4 0  8671
2 33312  97.9238 133.1136 0011049 205.0878 154.9801 14.79885554186600
RAPIDEYE 5              
1 33313U 08040B   12042.77899839  .00000318  00000-0  48968-4 0  8578
2 33313  97.9209 132.3602 0019879  79.9677 280.3768 14.79881906186559
RAPIDEYE 1              
1 33314U 08040C   12042.76670884  .00000379  00000-0  57009-4 0  9041
2 33314  97.9226 133.1806 0023214 220.0135 139.9366 14.79880070186598
RAPIDEYE 3              
1 33315U 08040D   12042.80545575  .00000331  00000-0  50739-4 0  8359
2 33315  97.9194 132.3563 0012613 148.6958 211.5007 14.79882333186563
RAPIDEYE 4              
1 33316U 08040E   12042.79150205  .00000302  00000-0  46949-4 0  8299
2 33316  97.9194 132.1753 0013945  97.7241 262.5547 14.79881981186553
HJ-1A                   
1 33320U 08041A   12042.74446837  .00000413  00000-0  67192-4 0  7924
2 33320  97.8791 114.7970 0024082 198.3613 161.6733 14.75969411184850
HJ-1B                   
1 33321U 08041B   12042.77473753  .00000634  00000-0  98309-4 0  8497
2 33321  97.8822 115.0464 0041792 212.0422 147.8243 14.76012730184842
GEOEYE 1                
1 33331U 08042A   12042.78452650  .00000921  00000-0  18294-3 0  8104
2 33331  98.1111 117.7251 0008974 270.7522  89.2648 14.64453593183387
THEOS                   
1 33396U 08049A   12042.71329547  .00000169  00000-0  10000-3 0  5976
2 33396  98.7117 111.6665 0000797  78.1360  82.3422 14.20047956174374
COSMO-SKYMED 3          
1 33412U 08054A   12042.72903032 -.00000603  00000-0 -69226-4 0  6396
2 33412  97.8655 229.9725 0001078  95.9335 264.2020 14.82152396178442
YAOGAN 4                
1 33446U 08061A   12042.78356259  .00000232  00000-0  42195-4 0  5515
2 33446  97.8049 110.7739 0018065 144.4829 215.7555 14.74462132172126
YAOGAN 5                
1 33456U 08064A   12042.82861568  .00007089  00000-0  21985-3 0  5507
2 33456  97.2707 116.0110 0009834 184.8754 285.0355 15.33668412176085
YAOGAN 6                
1 34839U 09021A   12042.81637100  .00004534  00000-0  19632-3 0  1536
2 34839  97.5479 131.0620 0001336   2.9937 144.5010 15.22929993155722
RAZAKSAT                
1 35578U 09037A   12042.65658516  .00000904  00000-0  64093-4 0  8569
2 35578   8.9894 353.2950 0017583 331.8816  28.0442 14.65300825138432
DEIMOS-1                
1 35681U 09041A   12042.73909695  .00000192  00000-0  40483-4 0  8190
2 35681  98.0476 303.6327 0001779 103.2695 256.8726 14.69663539136168
OCEANSAT 2              
1 35931U 09051A   12042.48288386  .00006032  00000-0  15388-2 0  6470
2 35931  98.2783 140.1749 0003814  86.3829 273.7796 14.50883126126321
WORLDVIEW-2             
1 35946U 09055A   12042.79307157  .00000057  00000-0  33670-4 0  6053
2 35946  98.4905 123.8095 0001867 126.3410 233.7948 14.37634103122970
SMOS                    
1 36036U 09059A   12041.96251566 -.00000043  00000-0  00000+0 0  7040
2 36036  98.4399 230.4611 0000685  89.2043 270.9251 14.39753904119567
YAOGAN 7                
1 36110U 09069A   12042.77670197  .00000261  00000-0  46802-4 0  4200
2 36110  97.9425 178.2785 0025015 250.1066 109.7446 14.74461390117111
TANDEM-X                
1 36605U 10030A   12042.83048611 -.00001944  00000-0 -89451-4 0  2112
2 36605  97.4456  51.3659 0001358  84.3924 270.5786 15.19142209 91204
YAOGAN 10               
1 36834U 10038A   12042.82907377  .00000319  00000-0  48176-4 0  6763
2 36834  97.8327  45.7734 0000988  49.9962 310.1335 14.80657227 81519
COSMO-SKYMED 4          
1 37216U 10060A   12042.75857251  .00000346  00000-0  50022-4 0  4367
2 37216  97.8659 230.0018 0001333  89.5735 270.5631 14.82167127 68531
SAC-D                   
1 37673U 11024A   12041.85302802 -.00000049  00000-0  00000+0 0  2200
2 37673  98.0099  50.3302 0001222  84.6265 275.5083 14.72331042 36088
RASAT                   
1 37791U 11044D   12042.81954874  .00000188  00000-0  45637-4 0  5680
2 37791  98.2409 121.4545 0023365 130.2571 230.0675 14.63350911 26106
MEGHA-TROPIQUES         
1 37838U 11058A   12042.09414163  .00000264  00000-0  00000+0 0   870
2 37838  19.9762  50.9848 0010390 240.6657 119.2709 14.09696949 17196
SRMSAT                  
1 37841U 11058D   12042.13584434  .00000264  00000-0  00000+0 0   856
2 37841  19.9736  50.2915 0012245 235.8149 124.1122 14.10113888 17239
