SARSAT 7 (NOAA 15)      
1 25338U 98030A   12042.46353578 -.00000022  00000-0  92171-5 0  1364
2 25338  98.6800  30.6377 0011485 115.4153 244.8202 14.25028041714808
GOES 11                 
1 26352U 00022A   12041.67909662 -.00000241  00000-0  00000+0 0  6854
2 26352   0.9970 137.0310 0001381 328.9897 253.9677  0.99045074 43115
SARSAT 8 (NOAA 16)      
1 26536U 00055A   12042.40339909 -.00000081  00000-0 -18764-4 0  6200
2 26536  99.1122  82.4705 0011304  81.9613 278.2844 14.12703066587130
GPS BIIR-07 (DASS)      
1 26690U 01004A   12041.66172792  .00000052  00000-0  10000-3 0  3610
2 26690  53.3227 239.4727 0129717 234.9762 123.8184  2.00564041 80851
GOES 12                 
1 26871U 01031A   12042.41848108 -.00000290  00000-0  10000-3 0  4511
2 26871   1.9737  74.4046 0002376 299.6655 217.4967  1.00281270 38725
SARSAT 9 (NOAA 17)      
1 27453U 02032A   12042.65314350 -.00000012  00000-0  12692-4 0  5932
2 27453  98.3506  76.0025 0012068 163.4372 196.7208 14.24391650500741
MSG-1                   
1 27509U 02040B   12040.17065324  .00000061  00000-0  00000+0 0  8506
2 27509   1.0901  56.9847 0006113 337.2623 175.3999  1.00276864 34691
GPS BIIR-08 (DASS)      
1 27663U 03005A   12042.03297382 -.00000008  00000-0  10000-3 0  7839
2 27663  56.1143  61.1213 0064181 353.5823   6.3825  2.00572030 66217
INSAT 3A                
1 27714U 03013A   12042.76766352 -.00000263  00000-0  10000-3 0  9669
2 27714   0.0664 257.6535 0006629  49.8736 203.4977  1.00269834 32428
GPS BIIR-11 (DASS)      
1 28190U 04009A   12042.15724806  .00000015  00000-0  10000-3 0  2460
2 28190  54.9936 123.8278 0078265   6.4149 353.7358  2.00555613 57880
GPS BIIR-12 (DASS)      
1 28361U 04023A   12041.94565055 -.00000031  00000-0  10000-3 0   626
2 28361  55.0868 299.5716 0075784 188.3102 171.6316  2.00562943 55968
GPS BIIR-13 (DASS)      
1 28474U 04045A   12042.43640475  .00000047  00000-0  10000-3 0  9502
2 28474  53.7890 177.8158 0109039 196.6137 162.9924  2.00567425 53339
SARSAT 10 (NOAA 18)     
1 28654U 05018A   12042.40461181 -.00000029  00000-0  89370-5 0   707
2 28654  99.0321 359.5465 0014830 149.2024 211.0030 14.11602662346678
GPS IIR-14M (DASS)      
1 28874U 05038A   12041.29184404  .00000019  00000-0  10000-3 0  2127
2 28874  55.1425 120.8057 0072539 226.4228 133.0289  2.00568811 46735
MSG-2                   
1 28912U 05049B   12041.82996759 -.00000003  00000-0  00000+0 0   267
2 28912   0.3670   0.8501 0000908  46.4357  32.3372  1.00282063 22567
GOES 13                 
1 29155U 06018A   12042.45228934 -.00000256  00000-0  10000-3 0  9474
2 29155   0.4242  80.6914 0002222 315.9066 192.5182  1.00268078 20970
SARSAT 11 (METOP-A)     
1 29499U 06044A   12042.35744324  .00000060  00000-0  47620-4 0  6523
2 29499  98.7176 103.2888 0002009  65.6367 294.5048 14.21477410275701
GPS IIR-16M (DASS)      
1 29601U 06052A   12042.34483674 -.00000010  00000-0  10000-3 0  6273
2 29601  56.0636  60.0748 0038724 352.7334   7.2652  2.00575234 38362
GPS IIR-17M (DASS)      
1 32260U 07047A   12042.16531189 -.00000031  00000-0  00000+0 0  3318
2 32260  54.2464 297.6076 0042849 357.9713   2.0752  2.00553686 31756
GPS IIR-18M (DASS)      
1 32384U 07062A   12041.97760460  .00000015  00000-0  10000-3 0  3682
2 32384  55.1690 121.2654 0024322 290.1663  69.6318  2.00566946 30474
SARSAT 12 (NOAA 19)     
1 33591U 09005A   12042.38408822  .00000371  00000-0  22923-3 0  2590
2 33591  98.8534 343.8221 0014379  23.1576 337.0244 14.11292731155129
GOES 14                 
1 35491U 09033A   12042.47052236 -.00000092  00000-0  00000+0 0  3282
2 35491   0.0829 247.7184 0003560 186.3953 130.7145  1.00271773  9643
COSPAS C11 (STERKH 1)   
1 35636U 09039B   12042.72304412  .00000085  00000-0  56105-4 0  2881
2 35636  82.9518  37.8595 0021383 117.7758 242.5578 13.89516986129919
COSPAS C12 (STERKH 2)   
1 35866U 09049B   12042.72738305  .00000060  00000-0  46272-4 0  1571
2 35866  98.6716 100.0606 0004132  58.4942 301.6633 14.22437379124676
GOES 15                 
1 36411U 10008A   12042.24772427  .00000084  00000-0  00000+0 0  9359
2 36411   0.0161 265.2246 0000755 316.5401 232.9764  1.00264345  7149
ELEKTRO-L 1             
1 37344U 11001A   12041.80705890 -.00000102  00000-0  10000-3 0  2721
2 37344   0.0548 112.0900 0001237 332.5976  62.1517  1.00271573  3934
GLONASS-K 1             
1 37372U 11009A   12042.34652427  .00000027  00000-0  10000-3 0  2878
2 37372  64.7960 130.6533 0005535 235.6382 174.8365  2.13109752  7443
