ALOUETTE 1 (S-27)       
1 00424U 62049A   12042.52132922  .00000051  00000-0  48062-4 0  8423
2 00424  80.4624  37.3116 0024494  69.4070 290.9698 13.68806167464302
IUE                     
1 10637U 78012A   12041.37115632 -.00000227  00000-0  10000-3 0  7669
2 10637  43.8130   2.5378 1489297 172.0106 190.6957  1.00055128 77148
IRAS                    
1 13777U 83004A   12042.17275219 -.00000034  00000-0  65711-5 0  7848
2 13777  99.0276 239.8942 0020162  48.4812 311.8078 14.00136541153197
AKEBONO (EXOS-D)        
1 19822U 89016A   12041.67919977  .00027020  49046-6  78166-3 0   979
2 19822  75.0917 150.9855 2534939 280.7211  52.0876 10.34450110693467
INTERCOSMOS 24          
1 20261U 89080A   12041.80249825  .00000299  00000-0  90814-4 0  6816
2 20261  82.5930 193.8635 1212014 275.0186  71.3966 12.53846227 20942
COBE                    
1 20322U 89089A   12042.47208365 -.00000196  00000-0 -94768-4 0  6888
2 20322  99.0028  51.0780 0008153 310.1815  49.8652 14.04473421139227
HST                     
1 20580U 90037B   12040.97913594  .00001106  00000-0  69463-4 0  9415
2 20580  28.4698 262.3315 0003504 136.6329 223.4577 15.02171516995437
CRRES                   
1 20712U 90065A   12042.54963764  .00000722  00000-0  69222-3 0  4041
2 20712  18.1019  27.2892 7127719  97.4153 341.4875  2.43410843180669
SARA                    
1 21578U 91050E   12041.95688423  .00000417  00000-0  11637-3 0  3583
2 21578  98.3550  13.7197 0003551  83.3986 276.7609 14.51162541 84878
SAMPEX                  
1 22012U 92038A   12042.12606081  .00023650  00000-0  29865-3 0  7696
2 22012  81.6373 270.5981 0029791  80.4652 279.9954 15.58846467 83901
ORBVIEW 1 (MICROLAB)    
1 23547U 95017C   12041.63195492  .00000436  00000-0  11308-3 0  7953
2 23547  69.9776  80.8648 0013288 306.2842  53.7066 14.56284678893556
RXTE (XTE)              
1 23757U 95074A   12041.84680566  .00004203  00000-0  11181-3 0  5754
2 23757  22.9889 314.8486 0007119 272.2142  87.7568 15.33230357894213
POLAR                   
1 23802U 96013A   12040.27150101  .00000011  00000-0  10000-3 0  2065
2 23802  82.6168 311.0524 6418924  41.6838 352.4746  1.29846094 76791
FAST                    
1 24285U 96049A   12042.33122341  .00004021  00000-0  34488-3 0  3987
2 24285  82.9698 289.9504 1973839 118.6723 262.6850 11.31722032627815
TRACE                   
1 25280U 98020A   12042.59801420  .00001711  00000-0  13826-3 0  1225
2 25280  97.6038 247.9589 0025089 213.1478 146.8168 15.00897460756312
SAFIR 2                 
1 25399U 98043F   12042.09066063  .00000023  00000-0  27909-4 0  1371
2 25399  98.3198  34.3352 0001157 202.1915 157.9229 14.24066644706243
SWAS                    
1 25560U 98071A   12042.24247681  .00000887  00000-0  10573-3 0  8054
2 25560  69.9003 112.6972 0011625 241.8144 118.1823 14.88028040714443
ASTRID 2                
1 25568U 98072B   12042.36975022  .00000043  00000-0  30411-4 0  9085
2 25568  82.9484 345.7432 0023268 244.8778 114.9960 13.72108980659562
ORSTED                  
1 25635U 99008B   12041.88466676  .00000353  00000-0  94989-4 0  4333
2 25635  96.4554  18.7987 0142245 350.3124   9.5354 14.46249931683727
SUNSAT (SO-35)          
1 25636U 99008C   12041.96186782  .00000203  00000-0  60138-4 0  1475
2 25636  96.4618   9.1914 0148776  34.5819 326.4943 14.43701641682867
ABRIXAS                 
1 25721U 99022A   12042.18189200  .00003939  00000-0  17009-3 0  3333
2 25721  48.4659  85.3894 0018094 315.6710  44.2773 15.24524163708002
TERRIERS                
1 25735U 99026A   12042.55319661  .00002222  00000-0  87551-4 0  5144
2 25735  97.1036 247.6007 0005633 215.0365 145.0503 15.26568536706586
FUSE 1                  
1 25791U 99035A   12042.65748111  .00000286  00000-0  31721-4 0  1820
2 25791  24.9835 144.1706 0010282  21.0378 339.0555 14.41985227666465
CXO                     
1 25867U 99040B   12042.00000000 -.00000461  00000-0  00000+0 0  7000
2 25867  71.3710  14.2129 8740106 277.8034   0.4901  0.37803670  8674
CLEMENTINE              
1 25978U 99064B   12041.86243372  .00001601  00000-0  18455-3 0  5217
2 25978  98.1095 150.5434 0009448 208.6000 151.4698 14.87125061659760
XMM-NEWTON              
1 25989U 99066A   12042.29166667  .00000178  00000-0  10000-3 0  1481
2 25989  62.7833  81.4745 6671937  98.2854   3.5649  0.50137548 11099
TERRA                   
1 25994U 99068A   12042.72393316  .00000247  00000-0  64800-4 0  7155
2 25994  98.2059 118.5984 0000891  72.6124 287.5174 14.57094182646348
ACRIMSAT                
1 26033U 99070B   12042.62237084  .00000152  00000-0  39869-4 0  4701
2 26033  97.8462 257.2229 0029217  28.9322 331.3502 14.60857252647068
IMAGE                   
1 26113U 00017A   12040.39130187  .00000068  00000-0  10000-3 0  1866
2 26113  93.1471 223.5915 7652133 173.7851 210.0519  1.68637582 73134
CLUSTER II-FM6 (SALSA)  
1 26410U 00041A   12042.66666667  .00002692  00000-0  00000-0 0  7612
2 26410 140.6781 277.8793 8547439  95.8435   1.7145  0.44217140  8862
CLUSTER II-FM7 (SAMBA)  
1 26411U 00041B   12042.66666667  .00002686  00000-0  00000-0 0  7616
2 26411 140.6769 277.8807 8546071  95.9276   1.7163  0.44217175  8947
CLUSTER II-FM5 (RUMBA)  
1 26463U 00045A   12042.66666667  .00002766  00000-0  00000-0 0  7515
2 26463 142.9634 273.4099 8449985  91.9428   1.6960  0.44217214  9440
CLUSTER II-FM8 (TANGO)  
1 26464U 00045B   12042.66666667  .00003617  00000-0  00000+0 0  7364
2 26464 141.5938 269.3491 8885788  88.7920   0.0683  0.44217084  8831
MEGSAT-1                
1 26546U 00057B   12042.71436268  .00000735  00000-0  10189-3 0  5039
2 26546  64.5598 304.6628 0035167 310.0175  49.7848 14.85340633616101
HETE-2                  
1 26561U 00061A   12041.21891199  .00002283  00000-0  12019-3 0  7253
2 26561   1.9490 257.4094 0022846 280.3038  79.4576 14.97882218620378
MUNIN                   
1 26621U 00075C   12042.80915624  .00000812  00000-0  73896-3 0  3084
2 26621  95.4237 315.5115 0717872  61.7237 305.4421 13.03851985534057
ODIN                    
1 26702U 01007A   12041.89378534  .00000963  00000-0  87591-4 0  5471
2 26702  97.6568  59.4916 0004798  99.5173 260.6587 14.97474568598300
TIMED                   
1 26998U 01055B   12041.62540940  .00000284  00000-0  37776-4 0  1049
2 26998  74.0701 234.1306 0000653  92.0681 268.0572 14.84792846551200
RHESSI                  
1 27370U 02004A   12042.58696009  .00001891  00000-0  13654-3 0  7772
2 27370  38.0388 222.7312 0016099 291.1191  68.7850 15.05402872549645
INTEGRAL                
1 27540U 02048A   12041.20833333  .00000282  00000-0  10000-3 0  1252
2 27540  70.4118 297.1798 8920089 250.0311 359.4485  0.33420532  7537
FEDSAT                  
1 27598U 02056B   12042.82765905  .00000053  00000-0  37507-4 0  5984
2 27598  98.2640  63.4929 0008166 251.6177 108.4118 14.28132865477635
WEOS                    
1 27599U 02056C   12042.49196601  .00000050  00000-0  36164-4 0  5951
2 27599  98.2696  71.4201 0009092 263.0119  97.0037 14.28727636477764
MICRO LABSAT            
1 27600U 02056D   12042.45845128  .00000050  00000-0  36088-4 0  5668
2 27600  98.2632  70.6919 0010091 267.0479  92.9550 14.29001767477864
CORIOLIS                
1 27640U 03001A   12042.04122887 -.00000014  00000-0  14287-4 0  7949
2 27640  98.7566  50.3448 0014555 152.5550 207.6357 14.18485065471003
CHIPSAT                 
1 27643U 03002B   12042.16680497  .00000569  00000-0  48214-4 0  9631
2 27643  94.0177  88.0957 0009049 236.7964 123.2391 14.98932880495997
SORCE                   
1 27651U 03004A   12042.26029518  .00000744  00000-0  10443-3 0  7189
2 27651  39.9979   5.3006 0026918 247.1069 112.6878 14.83296536490146
GALEX                   
1 27783U 03017A   12041.60517230  .00000402  00000-0  60498-4 0  4251
2 27783  28.9986 124.1896 0004131 248.8557 111.1587 14.60236672469426
MOST                    
1 27843U 03031D   12042.52898984  .00000026  00000-0  32547-4 0  3158
2 27843  98.7174  51.4394 0009137 239.1844 120.8432 14.20219644446769
QUAKESAT                
1 27845U 03031F   12042.07789676  .00000223  00000-0  12385-3 0  3333
2 27845  98.7150  52.0558 0008153 250.1814 109.8482 14.20670669446716
AAU CUBESAT             
1 27846U 03031G   12042.49913627  .00000159  00000-0  92976-4 0  2078
2 27846  98.6962  53.2421 0008565 202.1068 157.9737 14.21237833447018
SCISAT 1                
1 27858U 03036A   12042.56339410  .00000231  00000-0  39374-4 0  5466
2 27858  73.9331  75.8822 0009450 267.7590  92.2504 14.75243022457631
KAISTSAT 4              
1 27945U 03042G   12042.67578417  .00000121  00000-0  32011-4 0  4855
2 27945  97.8202 250.6876 0011696 319.6939  40.3415 14.63429761447357
GP-B                    
1 28230U 04014A   12042.23732541  .00000441  00000-0  61214-4 0  3384
2 28230  89.9215 150.0610 0002099  61.7643 298.3789 14.76470180420720
DEMETER                 
1 28368U 04025C   12042.76793866  .00000345  00000-0  63539-4 0  6033
2 28368  97.8817  98.7435 0002219  78.6797 281.4642 14.71337553408214
DOUBLESTAR (TC-2)       
1 28382U 04029A   12041.24423050  .00000085  00000-0  49464-3 0   136
2 28382  88.7781 325.7890 7260453 111.0582 335.9944  2.15595903 58259
SWIFT                   
1 28485U 04047A   12041.95605396  .00001749  00000-0  12110-3 0   869
2 28485  20.5586  20.4074 0013878 206.7509 153.2174 14.94344168394641
SUZAKU (ASTRO-EII)      
1 28773U 05025A   12041.95750503  .00001713  00000-0  11873-3 0  7129
2 28773  31.4058 246.8642 0006964   0.5609 359.5042 15.03058595361927
AKARI (ASTRO-F)         
1 28939U 06005A   12042.23608623  .00004887  00000-0  28419-3 0  8084
2 28939  98.2525  58.7703 0182981 335.0102  24.2345 14.99539799317621
FORMOSAT-3 FM6          
1 29047U 06011A   12041.89010479  .00000407  00000-0  18028-3 0  7256
2 29047  71.9779 209.3069 0053038 277.1992  82.3114 14.27389473305936
FORMOSAT-3 FM1          
1 29048U 06011B   12042.18476091  .00000392  00000-0  17471-3 0  8071
2 29048  71.9708 123.0269 0046586 230.2391 129.4629 14.27406860308450
FORMOSAT-3 FM5          
1 29049U 06011C   12042.75446753  .00000363  00000-0  16364-3 0  7513
2 29049  72.0200 276.3535 0037024 280.9919  78.7024 14.27418412304315
FORMOSAT-3 FM3          
1 29050U 06011D   12042.06501885  .00001124  00000-0  26646-3 0   677
2 29050  72.0186   6.9092 0051849  96.8740 263.8267 14.55109484312101
FORMOSAT-3 FM4          
1 29051U 06011E   12042.78904642  .00000375  00000-0  16522-3 0  8065
2 29051  72.0060 183.6435 0069168 154.1628 206.2976 14.27415625306908
FORMOSAT-3 FM2          
1 29052U 06011F   12042.61438147  .00000362  00000-0  16273-3 0  8272
2 29052  72.0329 249.1446 0042598 249.9026 109.7504 14.27455650305185
CLOUDSAT                
1 29107U 06016A   12041.91602924  .00000230  00000-0  59131-4 0  8293
2 29107  98.2244 346.8823 0008467 141.1103 219.0721 14.58791874307972
CALIPSO                 
1 29108U 06016B   12042.60711705  .00000441  00000-0  10807-3 0  8525
2 29108  98.2239 347.1294 0000996  95.4680 264.6611 14.57077016308028
HINODE (SOLAR-B)        
1 29479U 06041A   12042.56372418  .00000249  00000-0  57253-4 0  6995
2 29479  98.1093  44.1611 0014617 227.9272 132.0677 14.63417959287721
SJ-6C                   
1 29505U 06046A   12042.75543800  .00000628  00000-0  68515-4 0  9263
2 29505  97.7171  40.8420 0004591  92.6663 267.5086 14.91333622288549
SJ-6D                   
1 29506U 06046B   12042.71871308 -.00000173  00000-0 -12165-4 0  9051
2 29506  97.7254  39.4646 0002932 129.5267 230.6212 14.90572212288409
COROT                   
1 29678U 06063A   12042.35851463  .00000084  00000-0  51550-4 0  6990
2 29678  90.0077  10.1224 0005677  15.1308 345.0029 13.98249948261537
AIM                     
1 31304U 07015A   12042.34613629  .00001515  00000-0  14410-3 0  6102
2 31304  97.8255 151.1059 0009788 243.4111 116.6107 14.94937668261399
FGRST (GLAST)           
1 33053U 08029A   12042.74983893  .00000281  00000-0  00000+0 0  9825
2 33053  25.5824 286.3274 0014083  97.0012 263.2203 15.06009267202131
KORONAS-FOTON           
1 33504U 09003A   12042.86692219  .00000930  00000-0  60158-4 0  3539
2 33504  82.4777 359.4655 0016400  21.9126  11.3072 15.06903415166620
TATIANA 2               
1 35868U 09049D   12042.71835750  .00000067  00000-0  49780-4 0  1781
2 35868  98.6721  99.6853 0004955  52.2924 307.8696 14.22233540124655
UGATUSAT                
1 35869U 09049E   12042.66291997  .00000033  00000-0  34449-4 0  1425
2 35869  98.6697  99.2763 0005383  63.0685 297.1037 14.22053924124638
SUMBANDILA (SO-67)      
1 35870U 09049F   12042.84184028  .00002822  00000-0  12379-3 0  6737
2 35870  97.2499  83.0189 0000595 258.4943 100.0784 15.22750126133376
WISE                    
1 36119U 09071A   12042.87962706  .00001643  00000-0  91908-4 0  6274
2 36119  97.5175  48.8012 0002556 328.6355  31.4724 15.14864223119366
SDO                     
1 36395U 10005A   12041.53597715 -.00000057  00000-0  00000-0 0  4428
2 36395  27.8463 176.3948 0001599 305.0317 109.6948  1.00269958  7519
CRYOSAT 2               
1 36508U 10013A   12041.91802326  .00000003  00000-0  00000+0 0  5680
2 36508  92.0253  89.9097 0011332 137.2286 222.9803 14.52179826 97711
PICARD                  
1 36598U 10028A   12042.75624810  .00000134  00000-0  46261-4 0  8040
2 36598  98.2867 229.5654 0001955 168.5870 191.5370 14.49583129 87806
SPEKTR-R                
1 37755U 11037A   12022.32569444 -.00002835  00000-0  10000-3 0   234
2 37755  75.8255 304.8795 7653113 318.5580   1.2778  0.11264459   235
