ISS (ZARYA)             
1 25544U 98067A   12042.95256044  .00010491  00000-0  13822-3 0  9921
2 25544  51.6418  35.2281 0020509  33.8909 347.3320 15.58836627758335
TIANGONG 1              
1 37820U 11053A   12042.87057870  .00027285  00000-0  21330-3 0  4622
2 37820  42.7846  97.6904 0008837  57.0754 274.4148 15.71021539 21290
SOYUZ-TMA 22            
1 37877U 11067A   12041.62148385  .00010806  00000-0  14233-3 0   837
2 37877  51.6418  41.9111 0020357  28.9211  77.6508 15.58808220 13800
SOYUZ-TMA 03M           
1 38036U 11078A   12041.62148385  .00010806  00000-0  14233-3 0   545
2 38036  51.6418  41.9111 0020357  28.9211  77.6508 15.58808220  7979
PROGRESS-M 14M          
1 38073U 12004A   12041.62148385  .00010806  00000-0  14233-3 0   276
2 38073  51.6418  41.9111 0020357  28.9211  77.6508 15.58808220  2458
