LANDSAT 4               
1 13367U 82072A   12042.49642051  .00002830  00000-0  20064-3 0  9751
2 13367  98.2656  31.6515 0016191 318.6700  41.3291 15.05617011590137
TDRS 1                  
1 13969U 83026B   12042.07330278 -.00000113  00000-0  10000-3 0  3721
2 13969  13.7355   3.4423 0018220 115.1692 245.0530  0.98745608 78627
LANDSAT 5               
1 14780U 84021A   12042.80518192 -.00002616  00000-0 -57099-3 0  6704
2 14780  98.1614 110.8535 0002296 349.4028  10.7293 14.57105523486589
ERBS                    
1 15354U 84108B   12042.65059265  .00003192  00000-0  16439-3 0  8693
2 15354  56.9845 107.2878 0020439  61.4401 298.8695 15.19057736499142
TDRS 3                  
1 19548U 88091B   12042.16710767 -.00000296  00000-0  10000-3 0  8033
2 19548  13.5036  29.6404 0013700 337.5840 144.8999  1.00276135 72865
TDRS 4                  
1 19883U 89021B   12041.12071423 -.00000058  00000-0  00000-0 0  1960
2 19883  10.7265  35.5611 0012240 207.0106 153.0120  0.98483563256414
HST                     
1 20580U 90037B   12040.97913594  .00001106  00000-0  69463-4 0  9415
2 20580  28.4698 262.3315 0003504 136.6329 223.4577 15.02171516995437
TDRS 5                  
1 21639U 91054B   12042.49665909  .00000094  00000-0  10000-3 0    74
2 21639  11.8952  43.9655 0016370 326.0029 142.1482  1.00270534 75185
TOPEX/POSEIDON          
1 22076U 92052A   12041.91656323 -.00000038  00000-0  10000-3 0  8139
2 22076  66.0368 218.4678 0007133 265.3440  94.6761 12.80964426912324
TDRS 6                  
1 22314U 93003B   12042.54030770  .00000010  00000-0  00000+0 0   241
2 22314  11.2965  46.8187 0002968 285.6944 220.5994  1.01073413 69900
TDRS 7                  
1 23613U 95035B   12042.85092606 -.00000198  00000-0  10000-3 0  1548
2 23613  12.9119  37.2212 0033606 335.5058 159.8158  1.00273281 60719
RXTE (XTE)              
1 23757U 95074A   12041.84680566  .00004203  00000-0  11181-3 0  5754
2 23757  22.9889 314.8486 0007119 272.2142  87.7568 15.33230357894213
TRMM                    
1 25063U 97074A   12041.41526202  .00013473  00000-0  18955-3 0  8979
2 25063  34.9623  54.2429 0001104 237.3925 122.6599 15.55756251811004
KIKU-7 (ETS-VII)        
1 25064U 97074B   12042.24126246  .00005151  00000-0  17009-3 0  5471
2 25064  34.9722  20.8753 0004924  21.1394 338.9524 15.30743644789195
ISS (ZARYA)             
1 25544U 98067A   12042.95256044  .00010491  00000-0  13822-3 0  9921
2 25544  51.6418  35.2281 0020509  33.8909 347.3320 15.58836627758335
LANDSAT 7               
1 25682U 99020A   12042.77657379  .00000173  00000-0  48351-4 0  8055
2 25682  98.2116 112.8347 0001036 122.0831 238.0457 14.57107869682277
FUSE 1                  
1 25791U 99035A   12042.65748111  .00000286  00000-0  31721-4 0  1820
2 25791  24.9835 144.1706 0010282  21.0378 339.0555 14.41985227666465
TERRA                   
1 25994U 99068A   12042.72393316  .00000247  00000-0  64800-4 0  7155
2 25994  98.2059 118.5984 0000891  72.6124 287.5174 14.57094182646348
TDRS 8                  
1 26388U 00034A   12041.57104282 -.00000227  00000-0  10000-3 0  5847
2 26388   3.6571  79.2660 0003750 227.1207 128.3990  1.00274477 42636
EO-1                    
1 26619U 00075A   12042.77347254  .00000230  00000-0  54520-4 0   710
2 26619  98.0920 110.2827 0010962 143.9636 216.2248 14.62519833597957
TIMED                   
1 26998U 01055B   12041.62540940  .00000284  00000-0  37776-4 0  1049
2 26998  74.0701 234.1306 0000653  92.0681 268.0572 14.84792846551200
TDRS 9                  
1 27389U 02011A   12040.30106973 -.00000264  00000-0  00000+0 0  8350
2 27389   1.5121 145.6278 0015150 227.4373 192.9514  1.00277784 37887
AQUA                    
1 27424U 02022A   12042.67490844  .00000384  00000-0  95411-4 0  2101
2 27424  98.2235 344.9611 0001248  92.0911 268.0420 14.57095429519941
TDRS 10                 
1 27566U 02055A   12041.50763730  .00000081  00000-0  00000+0 0  5889
2 27566   1.2556  62.8437 0013293 201.5181 244.0784  1.00276465 33717
SORCE                   
1 27651U 03004A   12042.26029518  .00000744  00000-0  10443-3 0  7189
2 27651  39.9979   5.3006 0026918 247.1069 112.6878 14.83296536490146
GALEX                   
1 27783U 03017A   12041.60517230  .00000402  00000-0  60498-4 0  4251
2 27783  28.9986 124.1896 0004131 248.8557 111.1587 14.60236672469426
GP-B                    
1 28230U 04014A   12042.23732541  .00000441  00000-0  61214-4 0  3384
2 28230  89.9215 150.0610 0002099  61.7643 298.3789 14.76470180420720
AURA                    
1 28376U 04026A   12042.33704077  .00000412  00000-0  10161-3 0  3687
2 28376  98.2261 346.7802 0001240  93.1206 267.0141 14.57106473402942
SWIFT                   
1 28485U 04047A   12041.95605396  .00001749  00000-0  12110-3 0   869
2 28485  20.5586  20.4074 0013878 206.7509 153.2174 14.94344168394641
THEMIS A                
1 30580U 07004A   12042.16666667 -.00000032  00000-0  00000+0 0  2987
2 30580   6.5297 130.3278 7968295 308.9460 345.0920  1.00529385 17629
THEMIS D                
1 30797U 07004D   12042.16666667 -.00000062  00000-0  00000+0 0  4522
2 30797   4.3712  64.1515 7708369  13.8383 353.0495  1.00404099 17467
THEMIS E                
1 30798U 07004E   12042.12500000 -.00000003  00000-0  00000+0 0  4780
2 30798   3.5988  80.9372 7893832   0.0244 359.5833  1.01241321 17628
AIM                     
1 31304U 07015A   12042.34613629  .00001515  00000-0  14410-3 0  6102
2 31304  97.8255 151.1059 0009788 243.4111 116.6107 14.94937668261399
C/NOFS                  
1 32765U 08017A   12042.24045443  .00014972  00000-0  62657-3 0  9817
2 32765  13.0052  73.5873 0275123 314.5306  43.2785 14.92255067207550
FGRST (GLAST)           
1 33053U 08029A   12042.74983893  .00000281  00000-0  00000+0 0  9825
2 33053  25.5824 286.3274 0014083  97.0012 263.2203 15.06009267202131
WISE                    
1 36119U 09071A   12042.87962706  .00001643  00000-0  91908-4 0  6274
2 36119  97.5175  48.8012 0002556 328.6355  31.4724 15.14864223119366
