ORBVIEW 2 (SEASTAR)     
1 24883U 97037A   12041.88377652  .00000146  00000-0  69721-4 0  6521
2 24883  98.3998 164.2039 0002890 119.8617 240.2850 14.32399552772178
METEOSAT-7              
1 24932U 97049B   12042.12331207  .00000058  00000-0  00000+0 0  9630
2 24932   7.4294  57.8792 0000794 289.7534 254.8184  1.00268271 52909
NOAA 15                 
1 25338U 98030A   12042.46353578 -.00000022  00000-0  92171-5 0  1364
2 25338  98.6800  30.6377 0011485 115.4153 244.8202 14.25028041714808
NOAA 16                 
1 26536U 00055A   12042.40339909 -.00000081  00000-0 -18764-4 0  6200
2 26536  99.1122  82.4705 0011304  81.9613 278.2844 14.12703066587130
GOES 12                 
1 26871U 01031A   12042.41848108 -.00000290  00000-0  10000-3 0  4511
2 26871   1.9737  74.4046 0002376 299.6655 217.4967  1.00281270 38725
FENGYUN 1D              
1 27431U 02024B   12042.74660333  .00000045  00000-0  50178-4 0  8764
2 27431  98.7467  12.9117 0015003 185.2061 174.8960 14.09349120501377
NOAA 17                 
1 27453U 02032A   12042.65314350 -.00000012  00000-0  12692-4 0  5932
2 27453  98.3506  76.0025 0012068 163.4372 196.7208 14.24391650500741
METEOSAT-8 (MSG-1)      
1 27509U 02040B   12040.17065324  .00000061  00000-0  00000+0 0  8506
2 27509   1.0901  56.9847 0006113 337.2623 175.3999  1.00276864 34691
KALPANA-1 (METSAT 1)    
1 27525U 02043A   12042.60256161 -.00000084  00000-0  10000-3 0  4077
2 27525   2.5785  71.7367 0006478 214.1349 146.0536  1.00272565 34516
INSAT-3A                
1 27714U 03013A   12042.76766352 -.00000263  00000-0  10000-3 0  9669
2 27714   0.0664 257.6535 0006629  49.8736 203.4977  1.00269834 32428
FENGYUN 2C              
1 28451U 04042A   12042.86638082 -.00000365  00000-0  10000-3 0  3386
2 28451   3.6913  67.4493 0001448 313.3087 196.1117  1.00271525 26770
HIMAWARI-6 (MTSAT-1R)   
1 28622U 05006A   12038.58384596 -.00000283  00000-0  10000-3 0  6156
2 28622   0.0234 266.8940 0000550  68.1437 152.2633  1.00271112 25436
NOAA 18                 
1 28654U 05018A   12042.40461181 -.00000029  00000-0  89370-5 0   707
2 28654  99.0321 359.5465 0014830 149.2024 211.0030 14.11602662346678
METEOSAT-9 (MSG-2)      
1 28912U 05049B   12041.82996759 -.00000003  00000-0  00000+0 0   267
2 28912   0.3670   0.8501 0000908  46.4357  32.3372  1.00282063 22567
MTSAT-2                 
1 28937U 06004A   12042.58131993 -.00000248  00000-0  10000-3 0  1066
2 28937   0.0166 183.2932 0002087 157.5775 154.5074  1.00270812 21950
FORMOSAT-3 FM6          
1 29047U 06011A   12041.89010479  .00000407  00000-0  18028-3 0  7256
2 29047  71.9779 209.3069 0053038 277.1992  82.3114 14.27389473305936
FORMOSAT-3 FM1          
1 29048U 06011B   12042.18476091  .00000392  00000-0  17471-3 0  8071
2 29048  71.9708 123.0269 0046586 230.2391 129.4629 14.27406860308450
FORMOSAT-3 FM5          
1 29049U 06011C   12042.75446753  .00000363  00000-0  16364-3 0  7513
2 29049  72.0200 276.3535 0037024 280.9919  78.7024 14.27418412304315
FORMOSAT-3 FM3          
1 29050U 06011D   12042.06501885  .00001124  00000-0  26646-3 0   677
2 29050  72.0186   6.9092 0051849  96.8740 263.8267 14.55109484312101
FORMOSAT-3 FM4          
1 29051U 06011E   12042.78904642  .00000375  00000-0  16522-3 0  8065
2 29051  72.0060 183.6435 0069168 154.1628 206.2976 14.27415625306908
FORMOSAT-3 FM2          
1 29052U 06011F   12042.61438147  .00000362  00000-0  16273-3 0  8272
2 29052  72.0329 249.1446 0042598 249.9026 109.7504 14.27455650305185
GOES 13                 
1 29155U 06018A   12042.45228934 -.00000256  00000-0  10000-3 0  9474
2 29155   0.4242  80.6914 0002222 315.9066 192.5182  1.00268078 20970
METOP-A                 
1 29499U 06044A   12042.35744324  .00000060  00000-0  47620-4 0  6523
2 29499  98.7176 103.2888 0002009  65.6367 294.5048 14.21477410275701
FENGYUN 2D              
1 29640U 06053A   12040.87600037 -.00000203  00000-0  10000-3 0  3504
2 29640   2.0700  76.8169 0001684 294.5116 170.0471  1.00270383 19000
FENGYUN 3A              
1 32958U 08026A   12042.79638804  .00000055  00000-0  46562-4 0  6047
2 32958  98.6599 114.1839 0000483 126.9176 233.2041 14.19710287192354
NOAA 19                 
1 33591U 09005A   12042.38408822  .00000371  00000-0  22923-3 0  2590
2 33591  98.8534 343.8221 0014379  23.1576 337.0244 14.11292731155129
GOES 14                 
1 35491U 09033A   12042.47052236 -.00000092  00000-0  00000+0 0  3282
2 35491   0.0829 247.7184 0003560 186.3953 130.7145  1.00271773  9643
METEOR-M 1              
1 35865U 09049A   12042.69397078 -.00000014  00000-0  13429-4 0  1415
2 35865  98.6722  99.2918 0003277  65.1284 295.0240 14.21855313124626
GOES 15                 
1 36411U 10008A   12042.24772427  .00000084  00000-0  00000+0 0  9359
2 36411   0.0161 265.2246 0000755 316.5401 232.9764  1.00264345  7149
COMS 1                  
1 36744U 10032A   12042.35299329 -.00000350  00000-0  10000-3 0  3099
2 36744   0.0250  77.6278 0001003 279.4702  38.9606  1.00268877  6114
FENGYUN 3B              
1 37214U 10059A   12042.75680797  .00000024  00000-0  31943-4 0  3961
2 37214  98.7490 346.0892 0001890  64.2197 295.9180 14.19744741 65844
ELEKTRO-L 1 (GOMS 2)    
1 37344U 11001A   12041.80705890 -.00000102  00000-0  10000-3 0  2721
2 37344   0.0548 112.0900 0001237 332.5976  62.1517  1.00271573  3934
SUOMI NPP               
1 37849U 11061A   12042.36804712  .00000177  00000-0  10458-3 0   997
2 37849  98.7059 341.9223 0001418  59.9555 300.1759 14.19543807 15044
FENGYUN 2F              
1 38049U 12002A   12042.71723791 -.00000363  00000-0  10000-3 0   285
2 38049   2.3431 277.8164 0006220 266.5549 327.2821  1.00271806   359
