MACSAT 2 (M 2)          
1 20608U 90043B   12042.54854001  .00000472  00000-0  66162-4 0  5611
2 20608  89.7362  50.4497 0096324  78.6077 282.5944 14.72580408165961
TUBSAT A                
1 21577U 91050D   12042.53240708  .00000058  00000-0  33459-4 0  2898
2 21577  98.5940 358.2528 0006804  42.4226 317.7484 14.38716965 79572
S80/T                   
1 22078U 92052C   12042.50254390 -.00000037  00000-0  10000-3 0  1250
2 22078  66.0863  89.0676 0013798 227.7248 132.2597 12.86745760916456
HEALTHSAT 1             
1 22827U 93061E   12041.89620234 -.00000014  00000-0  11547-4 0   553
2 22827  98.5565 349.0609 0008087 258.6367 101.3918 14.30390354958694
TUBSAT B                
1 22970U 94003B   12041.89030913  .00000051  00000-0  10000-3 0  8198
2 22970  82.5607 185.9489 0016038 351.1661   8.9215 13.16925070867487
CERISE                  
1 23606U 95033B   12042.52194127  .00001677  00000-0  19553-3 0  6676
2 23606  98.3501 219.0529 0005964 196.9865 163.1150 14.86678252895762
UPM/LBSAT               
1 23607U 95033C   12042.25396540  .00000244  00000-0  43678-4 0  8969
2 23607  98.1874 153.2406 0006846  46.1761 314.0022 14.75384308891897
FAISAT 2V               
1 24954U 97052B   12042.81720906  .00000058  00000-0  41102-4 0  3820
2 24954  82.9238 309.4003 0038353 287.1904  72.5057 13.79724576724370
MUBLCOM                 
1 25736U 99026B   12042.65804728  .00000412  00000-0  12790-3 0  5454
2 25736  97.7039 264.3238 0004954 320.9993  39.0838 14.45340923670789
RUBIN-3 & SL-8 R/B      
1 27561U 02054C   12042.50743837  .00000123  00000-0  38919-4 0  5118
2 27561  97.9814 204.4220 0048332 107.7327 252.9153 14.54098418488351
APRIZESAT 2             
1 28366U 04025A   12042.47156929  .00000008  00000-0  16143-4 0  1201
2 28366  98.2071   0.3916 0109883 135.6361 225.3711 14.35793652399307
SAUDICOMSAT 1           
1 28369U 04025D   12042.52645388  .00000246  00000-0  72480-4 0  1707
2 28369  97.9605  45.8815 0033156 297.3809  62.4001 14.50949011403490
SAUDICOMSAT 2           
1 28370U 04025E   12042.52631458  .00000118  00000-0  44079-4 0  1736
2 28370  98.0418  28.6184 0058828 357.3291   2.7580 14.46036319402131
APRIZESAT 1             
1 28372U 04025G   12042.01029513  .00000060  00000-0  26965-4 0  1577
2 28372  97.9990  35.7750 0046695 328.4844  31.3564 14.48422946402728
NANOSAT-1               
1 28493U 04049B   12042.54216153  .00000331  00000-0  62564-4 0  1579
2 28493  98.3772  39.4638 0005676  75.3108 284.8720 14.70982557383626
SAUDICOMSAT 7           
1 31119U 07012C   12042.52435317  .00000391  00000-0  88724-4 0  4591
2 31119  97.8620  77.1801 0063022  95.0975 265.7426 14.59833531256895
SAUDICOMSAT 6           
1 31121U 07012E   12042.52547545  .00000370  00000-0  89075-4 0  4600
2 31121  97.8673  68.4425 0079648 121.1124 239.7926 14.56681766256354
SAUDICOMSAT 5           
1 31124U 07012H   12042.73866761  .00000405  00000-0  89121-4 0  4667
2 31124  97.8634  82.2925 0054452  81.7609 278.9757 14.61441691257207
SAUDICOMSAT 3           
1 31125U 07012J   12042.52299216  .00000416  00000-0  88749-4 0  4791
2 31125  97.8660  86.7596 0045971  70.3363 290.2793 14.62995765257447
SAUDICOMSAT 4           
1 31127U 07012L   12042.04682693  .00000385  00000-0  89803-4 0  4691
2 31127  97.8641  72.6173 0071125 108.9875 251.9048 14.58350109256560
APRIZESAT 4             
1 35684U 09041D   12041.82372995  .00000240  00000-0  41609-4 0  7980
2 35684  98.0688 312.8757 0048555 266.2977  93.2659 14.76552940136621
APRIZESAT 3             
1 35686U 09041F   12042.47010221  .00000581  00000-0  74533-4 0  8054
2 35686  98.0892 323.8218 0077673 238.5583 120.8023 14.83267560137321
AISSAT 1                
1 36797U 10035C   12042.77219878  .00000674  00000-0  93323-4 0  6931
2 36797  98.0738 118.3708 0011431 223.6432 136.3874 14.81318434 85775
